YEAR,DOY,HOUR,MINUTE,SECOND,SPACECRAFT,PLANET_NUMBER,RESPONSE,L_OR_M_MODE,SHORT_OR_LONG,THRESHOLD_CURRENT,SAVE_PLOT,FIT,ITERATIONS,CHANNELS_CUPA,CHANNELS_CUPB,CHANNELS_CUPC,CHANNELS_CUPD,TOTAL_NUMBER_OF_FITTED_CHANNELS,CHI_SQUARE,VARY_V1,VARY_V2,VARY_V3,VARY_DENSITY,VARY_TEMPERATURE,VARY_KAPPA,ANALYTICAL_VPHI,V1,V2,V3,COMMON_TEMPERATURE,COMMON_KAPPA,DELAMERE_COMPOSITION,SPECIES_1,SPECIES_1_A,SPECIES_1_Z,SPECIES_1_N,SPECIES_1_T,SPECIES_1_KAPPA,SPECIES_1_N_UNCERT,SPECIES_1_T_UNCERT,SPECIES_2,SPECIES_2_A,SPECIES_2_Z,SPECIES_2_N,SPECIES_2_T,SPECIES_2_KAPPA,SPECIES_2_N_UNCERT,SPECIES_2_T_UNCERT,SPECIES_3,SPECIES_3_A,SPECIES_3_Z,SPECIES_3_N,SPECIES_3_T,SPECIES_3_KAPPA,SPECIES_3_N_UNCERT,SPECIES_3_T_UNCERT,SPECIES_4,SPECIES_4_A,SPECIES_4_Z,SPECIES_4_N,SPECIES_4_T,SPECIES_4_KAPPA,SPECIES_4_N_UNCERT,SPECIES_4_T_UNCERT,SPECIES_5,SPECIES_5_A,SPECIES_5_Z,SPECIES_5_N,SPECIES_5_T,SPECIES_5_KAPPA,SPECIES_5_N_UNCERT,SPECIES_5_T_UNCERT,SPECIES_6,SPECIES_6_A,SPECIES_6_Z,SPECIES_6_N,SPECIES_6_T,SPECIES_6_KAPPA,SPECIES_6_N_UNCERT,SPECIES_6_T_UNCERT,SPECIES_7,SPECIES_7_A,SPECIES_7_Z,SPECIES_7_N,SPECIES_7_T,SPECIES_7_KAPPA,SPECIES_7_N_UNCERT,SPECIES_7_T_UNCERT,SPECIES_8,SPECIES_8_A,SPECIES_8_Z,SPECIES_8_N,SPECIES_8_T,SPECIES_8_KAPPA,SPECIES_8_N_UNCERT,SPECIES_8_T_UNCERT
1989,236,99,99,99,2,8,0,-1,1,0,1,1,25,0,0,0,1028,0,0,0,0,0,1,1,0,0,0,84.45058441,0,0,0,0,3,1,1,1,15.5,0,0,0,3,1,1,1,15.5,0,0,0,3,1,1,1,15.5,0,0,0,0,0,0,0,0,0,0,0,0,0,0,0,0,0,0,0,0,0,0,0,0,0,0,0,0,0,0,0,0,0,0,0,0,0,0,0,0,0,0,0
1989,236,14,37,41.61299896,2,8,0,-1,1,0,1,1,25,0,0,0,1028,0,0,0,0,0,1,1,0,0,0,84.29376221,0,0,0,0,3,1,1,1,100,0,0,0,0,0,0,0,0,0,0,0,0,0,0,0,0,0,0,0,0,0,0,0,0,0,0,0,0,0,0,0,0,0,0,0,0,0,0,0,0,0,0,0,0,0,0,0,0,0,0,0,0,0,0,0,0,0,0,0
1989,236,14,39,17.61300087,2,8,0,-1,1,0,1,1,25,0,0,0,1028,0,0,0,0,0,1,1,0,0,0,84.13694,0,0,0,0,3,1,1,1,100,0,0,0,0,0,0,0,0,0,0,0,0,0,0,0,0,0,0,0,0,0,0,0,0,0,0,0,0,0,0,0,0,0,0,0,0,0,0,0,0,0,0,0,0,0,0,0,0,0,0,0,0,0,0,0,0,0,0,0
1989,236,14,43,17.61300087,2,8,0,-1,1,0,1,1,25,0,0,0,1028,0,0,0,0,0,1,1,0,0,0,83.74484253,0,0,0,0,3,1,1,1,100,0,0,0,0,0,0,0,0,0,0,0,0,0,0,0,0,0,0,0,0,0,0,0,0,0,0,0,0,0,0,0,0,0,0,0,0,0,0,0,0,0,0,0,0,0,0,0,0,0,0,0,0,0,0,0,0,0,0,0
1989,236,14,44,53.61299896,2,8,0,-1,1,0,1,1,25,0,0,0,1028,0,0,0,0,0,1,1,0,0,0,83.58798218,0,0,0,0,3,1,1,1,100,0,0,0,0,0,0,0,0,0,0,0,0,0,0,0,0,0,0,0,0,0,0,0,0,0,0,0,0,0,0,0,0,0,0,0,0,0,0,0,0,0,0,0,0,0,0,0,0,0,0,0,0,0,0,0,0,0,0,0
1989,236,14,46,29.61300087,2,8,0,-1,1,0,1,1,25,0,0,0,1028,0,0,0,0,0,1,1,0,0,0,83.43112183,0,0,0,0,3,1,1,1,100,0,0,0,0,0,0,0,0,0,0,0,0,0,0,0,0,0,0,0,0,0,0,0,0,0,0,0,0,0,0,0,0,0,0,0,0,0,0,0,0,0,0,0,0,0,0,0,0,0,0,0,0,0,0,0,0,0,0,0
1989,236,14,48,5.611999989,2,8,0,-1,1,0,1,1,25,0,0,0,1028,0,0,0,0,0,1,1,0,0,0,83.27425385,0,0,0,0,3,1,1,1,100,0,0,0,0,0,0,0,0,0,0,0,0,0,0,0,0,0,0,0,0,0,0,0,0,0,0,0,0,0,0,0,0,0,0,0,0,0,0,0,0,0,0,0,0,0,0,0,0,0,0,0,0,0,0,0,0,0,0,0
1989,236,14,49,41.61100006,2,8,0,-1,1,0,1,1,25,0,0,0,1028,0,0,0,0,0,1,1,0,0,0,83.11737823,0,0,0,0,3,1,1,1,100,0,0,0,0,0,0,0,0,0,0,0,0,0,0,0,0,0,0,0,0,0,0,0,0,0,0,0,0,0,0,0,0,0,0,0,0,0,0,0,0,0,0,0,0,0,0,0,0,0,0,0,0,0,0,0,0,0,0,0
1989,236,14,51,17.61199951,2,8,0,-1,1,0,1,1,25,0,0,0,1028,0,0,0,0,0,1,1,0,0,0,82.96048737,0,0,0,0,3,1,1,1,100,0,0,0,0,0,0,0,0,0,0,0,0,0,0,0,0,0,0,0,0,0,0,0,0,0,0,0,0,0,0,0,0,0,0,0,0,0,0,0,0,0,0,0,0,0,0,0,0,0,0,0,0,0,0,0,0,0,0,0
1989,236,14,55,17.61199951,2,8,0,-1,1,0,1,1,25,0,0,0,1028,0,0,0,0,0,1,1,0,0,0,82.56822968,0,0,0,0,3,1,1,1,100,0,0,0,0,0,0,0,0,0,0,0,0,0,0,0,0,0,0,0,0,0,0,0,0,0,0,0,0,0,0,0,0,0,0,0,0,0,0,0,0,0,0,0,0,0,0,0,0,0,0,0,0,0,0,0,0,0,0,0
1989,236,15,1,41.61000061,2,8,0,-1,1,0,1,1,25,0,0,0,1028,0,0,0,0,0,1,1,0,0,0,81.94051361,0,0,0,0,3,1,1,1,100,0,0,0,0,0,0,0,0,0,0,0,0,0,0,0,0,0,0,0,0,0,0,0,0,0,0,0,0,0,0,0,0,0,0,0,0,0,0,0,0,0,0,0,0,0,0,0,0,0,0,0,0,0,0,0,0,0,0,0
1989,236,15,3,17.61000061,2,8,0,-1,1,0,1,1,25,0,0,0,1028,0,0,0,0,0,1,1,0,0,0,81.78355408,0,0,0,0,3,1,1,1,100,0,0,0,0,0,0,0,0,0,0,0,0,0,0,0,0,0,0,0,0,0,0,0,0,0,0,0,0,0,0,0,0,0,0,0,0,0,0,0,0,0,0,0,0,0,0,0,0,0,0,0,0,0,0,0,0,0,0,0
1989,236,15,7,17.61000061,2,8,0,-1,1,0,1,1,25,0,0,0,1028,0,0,0,0,0,1,1,0,0,0,81.39113617,0,0,0,0,3,1,1,1,100,0,0,0,0,0,0,0,0,0,0,0,0,0,0,0,0,0,0,0,0,0,0,0,0,0,0,0,0,0,0,0,0,0,0,0,0,0,0,0,0,0,0,0,0,0,0,0,0,0,0,0,0,0,0,0,0,0,0,0
1989,236,15,8,53.61000061,2,8,0,-1,1,0,1,1,25,0,0,0,1028,0,0,0,0,0,1,1,0,0,0,81.23415375,0,0,0,0,3,1,1,1,100,0,0,0,0,0,0,0,0,0,0,0,0,0,0,0,0,0,0,0,0,0,0,0,0,0,0,0,0,0,0,0,0,0,0,0,0,0,0,0,0,0,0,0,0,0,0,0,0,0,0,0,0,0,0,0,0,0,0,0
1989,236,15,10,29.61000061,2,8,0,-1,1,0,1,1,25,0,0,0,1028,0,0,0,0,0,1,1,0,0,0,81.0771637,0,0,0,0,3,1,1,1,100,0,0,0,0,0,0,0,0,0,0,0,0,0,0,0,0,0,0,0,0,0,0,0,0,0,0,0,0,0,0,0,0,0,0,0,0,0,0,0,0,0,0,0,0,0,0,0,0,0,0,0,0,0,0,0,0,0,0,0
1989,236,15,12,5.610000134,2,8,0,-1,1,0,1,1,25,0,0,0,1028,0,0,0,0,0,1,1,0,0,0,80.92016602,0,0,0,0,3,1,1,1,100,0,0,0,0,0,0,0,0,0,0,0,0,0,0,0,0,0,0,0,0,0,0,0,0,0,0,0,0,0,0,0,0,0,0,0,0,0,0,0,0,0,0,0,0,0,0,0,0,0,0,0,0,0,0,0,0,0,0,0
1989,236,15,13,41.60900116,2,8,0,-1,1,0,1,1,25,0,0,0,1028,0,0,0,0,0,1,1,0,0,0,80.76316071,0,0,0,0,3,1,1,1,100,0,0,0,0,0,0,0,0,0,0,0,0,0,0,0,0,0,0,0,0,0,0,0,0,0,0,0,0,0,0,0,0,0,0,0,0,0,0,0,0,0,0,0,0,0,0,0,0,0,0,0,0,0,0,0,0,0,0,0
1989,236,15,15,17.60899925,2,8,0,-1,1,0,1,1,25,0,0,0,1028,0,0,0,0,0,1,1,0,0,0,80.60614014,0,0,0,0,3,1,1,1,100,0,0,0,0,0,0,0,0,0,0,0,0,0,0,0,0,0,0,0,0,0,0,0,0,0,0,0,0,0,0,0,0,0,0,0,0,0,0,0,0,0,0,0,0,0,0,0,0,0,0,0,0,0,0,0,0,0,0,0
1989,236,15,19,17.60899925,2,8,0,-1,1,0,1,1,25,0,0,0,1028,0,0,0,0,0,1,1,0,0,0,80.21355438,0,0,0,0,3,1,1,1,100,0,0,0,0,0,0,0,0,0,0,0,0,0,0,0,0,0,0,0,0,0,0,0,0,0,0,0,0,0,0,0,0,0,0,0,0,0,0,0,0,0,0,0,0,0,0,0,0,0,0,0,0,0,0,0,0,0,0,0
1989,236,15,20,53.60900116,2,8,0,-1,1,0,1,1,25,0,0,0,1028,0,0,0,0,0,1,1,0,0,0,80.0565033,0,0,0,0,3,1,1,1,100,0,0,0,0,0,0,0,0,0,0,0,0,0,0,0,0,0,0,0,0,0,0,0,0,0,0,0,0,0,0,0,0,0,0,0,0,0,0,0,0,0,0,0,0,0,0,0,0,0,0,0,0,0,0,0,0,0,0,0
1989,236,15,22,29.60899925,2,8,0,-1,1,0,1,1,25,0,0,0,1028,0,0,0,0,0,1,1,0,0,0,79.89944458,0,0,0,0,3,1,1,1,100,0,0,0,0,0,0,0,0,0,0,0,0,0,0,0,0,0,0,0,0,0,0,0,0,0,0,0,0,0,0,0,0,0,0,0,0,0,0,0,0,0,0,0,0,0,0,0,0,0,0,0,0,0,0,0,0,0,0,0
1989,236,15,24,5.610000134,2,8,0,-1,1,0,1,1,25,0,0,0,1028,0,0,0,0,0,1,1,0,0,0,79.74237823,0,0,0,0,3,1,1,1,100,0,0,0,0,0,0,0,0,0,0,0,0,0,0,0,0,0,0,0,0,0,0,0,0,0,0,0,0,0,0,0,0,0,0,0,0,0,0,0,0,0,0,0,0,0,0,0,0,0,0,0,0,0,0,0,0,0,0,0
1989,236,15,25,41.60900116,2,8,0,-1,1,0,1,1,25,0,0,0,1028,0,0,0,0,0,1,1,0,0,0,79.58530426,0,0,0,0,3,1,1,1,100,0,0,0,0,0,0,0,0,0,0,0,0,0,0,0,0,0,0,0,0,0,0,0,0,0,0,0,0,0,0,0,0,0,0,0,0,0,0,0,0,0,0,0,0,0,0,0,0,0,0,0,0,0,0,0,0,0,0,0
1989,236,15,27,17.60899925,2,8,0,-1,1,0,1,1,25,0,0,0,1028,0,0,0,0,0,1,1,0,0,0,79.42821503,0,0,0,0,3,1,1,1,100,0,0,0,0,0,0,0,0,0,0,0,0,0,0,0,0,0,0,0,0,0,0,0,0,0,0,0,0,0,0,0,0,0,0,0,0,0,0,0,0,0,0,0,0,0,0,0,0,0,0,0,0,0,0,0,0,0,0,0
1989,236,15,31,17.60899925,2,8,0,-1,1,0,1,1,25,0,0,0,1028,0,0,0,0,0,1,1,0,0,0,79.03546143,0,0,0,0,3,1,1,1,100,0,0,0,0,0,0,0,0,0,0,0,0,0,0,0,0,0,0,0,0,0,0,0,0,0,0,0,0,0,0,0,0,0,0,0,0,0,0,0,0,0,0,0,0,0,0,0,0,0,0,0,0,0,0,0,0,0,0,0
1989,236,15,32,53.60900116,2,8,0,-1,1,0,1,1,25,0,0,0,1028,0,0,0,0,0,1,1,0,0,0,78.87834167,0,0,0,0,3,1,1,1,100,0,0,0,0,0,0,0,0,0,0,0,0,0,0,0,0,0,0,0,0,0,0,0,0,0,0,0,0,0,0,0,0,0,0,0,0,0,0,0,0,0,0,0,0,0,0,0,0,0,0,0,0,0,0,0,0,0,0,0
1989,236,15,34,29.6079998,2,8,0,-1,1,0,1,1,25,0,0,0,1028,0,0,0,0,0,1,1,0,0,0,78.72121429,0,0,0,0,3,1,1,1,100,0,0,0,0,0,0,0,0,0,0,0,0,0,0,0,0,0,0,0,0,0,0,0,0,0,0,0,0,0,0,0,0,0,0,0,0,0,0,0,0,0,0,0,0,0,0,0,0,0,0,0,0,0,0,0,0,0,0,0
1989,236,15,36,5.609000206,2,8,0,-1,1,0,1,1,25,0,0,0,1028,0,0,0,0,0,1,1,0,0,0,78.56407928,0,0,0,0,3,1,1,1,100,0,0,0,0,0,0,0,0,0,0,0,0,0,0,0,0,0,0,0,0,0,0,0,0,0,0,0,0,0,0,0,0,0,0,0,0,0,0,0,0,0,0,0,0,0,0,0,0,0,0,0,0,0,0,0,0,0,0,0
1989,236,15,37,41.60800171,2,8,0,-1,1,0,1,1,25,0,0,0,1028,0,0,0,0,0,1,1,0,0,0,78.40692902,0,0,0,0,3,1,1,1,100,0,0,0,0,0,0,0,0,0,0,0,0,0,0,0,0,0,0,0,0,0,0,0,0,0,0,0,0,0,0,0,0,0,0,0,0,0,0,0,0,0,0,0,0,0,0,0,0,0,0,0,0,0,0,0,0,0,0,0
1989,236,15,39,17.6079998,2,8,0,-1,1,0,1,1,25,0,0,0,1028,0,0,0,0,0,1,1,0,0,0,78.24977875,0,0,0,0,3,1,1,1,100,0,0,0,0,0,0,0,0,0,0,0,0,0,0,0,0,0,0,0,0,0,0,0,0,0,0,0,0,0,0,0,0,0,0,0,0,0,0,0,0,0,0,0,0,0,0,0,0,0,0,0,0,0,0,0,0,0,0,0
1989,236,15,43,17.6079998,2,8,0,-1,1,0,1,1,25,0,0,0,1028,0,0,0,0,0,1,1,0,0,0,77.85684204,0,0,0,0,3,1,1,1,100,0,0,0,0,0,0,0,0,0,0,0,0,0,0,0,0,0,0,0,0,0,0,0,0,0,0,0,0,0,0,0,0,0,0,0,0,0,0,0,0,0,0,0,0,0,0,0,0,0,0,0,0,0,0,0,0,0,0,0
1989,236,15,48,5.607999802,2,8,0,-1,1,0,1,1,25,0,0,0,1028,0,0,0,0,0,1,1,0,0,0,77.38524628,0,0,0,0,3,1,1,1,100,0,0,0,0,0,0,0,0,0,0,0,0,0,0,0,0,0,0,0,0,0,0,0,0,0,0,0,0,0,0,0,0,0,0,0,0,0,0,0,0,0,0,0,0,0,0,0,0,0,0,0,0,0,0,0,0,0,0,0
1989,236,15,49,41.60699844,2,8,0,-1,1,0,1,1,25,0,0,0,1028,0,0,0,0,0,1,1,0,0,0,77.22802734,0,0,0,0,3,1,1,1,100,0,0,0,0,0,0,0,0,0,0,0,0,0,0,0,0,0,0,0,0,0,0,0,0,0,0,0,0,0,0,0,0,0,0,0,0,0,0,0,0,0,0,0,0,0,0,0,0,0,0,0,0,0,0,0,0,0,0,0
1989,236,15,51,17.6079998,2,8,0,-1,1,0,1,1,25,0,0,0,1028,0,0,0,0,0,1,1,0,0,0,77.07080078,0,0,0,0,3,1,1,1,100,0,0,0,0,0,0,0,0,0,0,0,0,0,0,0,0,0,0,0,0,0,0,0,0,0,0,0,0,0,0,0,0,0,0,0,0,0,0,0,0,0,0,0,0,0,0,0,0,0,0,0,0,0,0,0,0,0,0,0
1989,236,15,55,17.60700035,2,8,0,-1,1,0,1,1,25,0,0,0,1028,0,0,0,0,0,1,1,0,0,0,76.67768097,0,0,0,0,3,1,1,1,100,0,0,0,0,0,0,0,0,0,0,0,0,0,0,0,0,0,0,0,0,0,0,0,0,0,0,0,0,0,0,0,0,0,0,0,0,0,0,0,0,0,0,0,0,0,0,0,0,0,0,0,0,0,0,0,0,0,0,0
1989,236,15,56,53.60599899,2,8,0,-1,1,0,1,1,25,0,0,0,1028,0,0,0,0,0,1,1,0,0,0,76.52042389,0,0,0,0,3,1,1,1,100,0,0,0,0,0,0,0,0,0,0,0,0,0,0,0,0,0,0,0,0,0,0,0,0,0,0,0,0,0,0,0,0,0,0,0,0,0,0,0,0,0,0,0,0,0,0,0,0,0,0,0,0,0,0,0,0,0,0,0
1989,236,15,58,29.6060009,2,8,0,-1,1,0,1,1,25,0,0,0,1028,0,0,0,0,0,1,1,0,0,0,76.36315155,0,0,0,0,3,1,1,1,100,0,0,0,0,0,0,0,0,0,0,0,0,0,0,0,0,0,0,0,0,0,0,0,0,0,0,0,0,0,0,0,0,0,0,0,0,0,0,0,0,0,0,0,0,0,0,0,0,0,0,0,0,0,0,0,0,0,0,0
1989,236,16,0,5.606999874,2,8,0,-1,1,0,1,1,25,0,0,0,1028,0,0,0,0,0,1,1,0,0,0,76.20586395,0,0,0,0,3,1,1,1,100,0,0,0,0,0,0,0,0,0,0,0,0,0,0,0,0,0,0,0,0,0,0,0,0,0,0,0,0,0,0,0,0,0,0,0,0,0,0,0,0,0,0,0,0,0,0,0,0,0,0,0,0,0,0,0,0,0,0,0
1989,236,16,1,41.60599899,2,8,0,-1,1,0,1,1,25,0,0,0,1028,0,0,0,0,0,1,1,0,0,0,76.04857635,0,0,0,0,3,1,1,1,100,0,0,0,0,0,0,0,0,0,0,0,0,0,0,0,0,0,0,0,0,0,0,0,0,0,0,0,0,0,0,0,0,0,0,0,0,0,0,0,0,0,0,0,0,0,0,0,0,0,0,0,0,0,0,0,0,0,0,0
1989,236,16,3,17.60700035,2,8,0,-1,1,0,1,1,25,0,0,0,1028,0,0,0,0,0,1,1,0,0,0,75.89126587,0,0,0,0,3,1,1,1,100,0,0,0,0,0,0,0,0,0,0,0,0,0,0,0,0,0,0,0,0,0,0,0,0,0,0,0,0,0,0,0,0,0,0,0,0,0,0,0,0,0,0,0,0,0,0,0,0,0,0,0,0,0,0,0,0,0,0,0
1989,236,16,7,17.6060009,2,8,0,-1,1,0,1,1,25,0,0,0,1028,0,0,0,0,0,1,1,0,0,0,75.49796295,0,0,0,0,3,1,1,1,100,0,0,0,0,0,0,0,0,0,0,0,0,0,0,0,0,0,0,0,0,0,0,0,0,0,0,0,0,0,0,0,0,0,0,0,0,0,0,0,0,0,0,0,0,0,0,0,0,0,0,0,0,0,0,0,0,0,0,0
1989,236,16,8,53.60599899,2,8,0,-1,1,0,1,1,25,0,0,0,1028,0,0,0,0,0,1,1,0,0,0,75.34062958,0,0,0,0,3,1,1,1,100,0,0,0,0,0,0,0,0,0,0,0,0,0,0,0,0,0,0,0,0,0,0,0,0,0,0,0,0,0,0,0,0,0,0,0,0,0,0,0,0,0,0,0,0,0,0,0,0,0,0,0,0,0,0,0,0,0,0,0
1989,236,16,10,29.60499954,2,8,0,-1,1,0,1,1,25,0,0,0,1028,0,0,0,0,0,1,1,0,0,0,75.18328094,0,0,0,0,3,1,1,1,100,0,0,0,0,0,0,0,0,0,0,0,0,0,0,0,0,0,0,0,0,0,0,0,0,0,0,0,0,0,0,0,0,0,0,0,0,0,0,0,0,0,0,0,0,0,0,0,0,0,0,0,0,0,0,0,0,0,0,0
1989,236,16,12,5.605999947,2,8,0,-1,1,0,1,1,25,0,0,0,1028,0,0,0,0,0,1,1,0,0,0,75.02591705,0,0,0,0,3,1,1,1,100,0,0,0,0,0,0,0,0,0,0,0,0,0,0,0,0,0,0,0,0,0,0,0,0,0,0,0,0,0,0,0,0,0,0,0,0,0,0,0,0,0,0,0,0,0,0,0,0,0,0,0,0,0,0,0,0,0,0,0
1989,236,16,13,41.60499954,2,8,0,-1,1,0,1,1,25,0,0,0,1028,0,0,0,0,0,1,1,0,0,0,74.86854553,0,0,0,0,3,1,1,1,100,0,0,0,0,0,0,0,0,0,0,0,0,0,0,0,0,0,0,0,0,0,0,0,0,0,0,0,0,0,0,0,0,0,0,0,0,0,0,0,0,0,0,0,0,0,0,0,0,0,0,0,0,0,0,0,0,0,0,0
1989,236,16,15,17.6060009,2,8,0,-1,1,0,1,1,25,0,0,0,1028,0,0,0,0,0,1,1,0,0,0,74.71116638,0,0,0,0,3,1,1,1,100,0,0,0,0,0,0,0,0,0,0,0,0,0,0,0,0,0,0,0,0,0,0,0,0,0,0,0,0,0,0,0,0,0,0,0,0,0,0,0,0,0,0,0,0,0,0,0,0,0,0,0,0,0,0,0,0,0,0,0
1989,236,16,19,17.60499954,2,8,0,-1,1,0,1,1,25,0,0,0,1028,0,0,0,0,0,1,1,0,0,0,74.31767273,0,0,0,0,3,1,1,1,100,0,0,0,0,0,0,0,0,0,0,0,0,0,0,0,0,0,0,0,0,0,0,0,0,0,0,0,0,0,0,0,0,0,0,0,0,0,0,0,0,0,0,0,0,0,0,0,0,0,0,0,0,0,0,0,0,0,0,0
1989,236,16,20,53.60499954,2,8,0,-1,1,0,1,1,25,0,0,0,1028,0,0,0,0,0,1,1,0,0,0,74.16025543,0,0,0,0,3,1,1,1,100,0,0,0,0,0,0,0,0,0,0,0,0,0,0,0,0,0,0,0,0,0,0,0,0,0,0,0,0,0,0,0,0,0,0,0,0,0,0,0,0,0,0,0,0,0,0,0,0,0,0,0,0,0,0,0,0,0,0,0
1989,236,16,22,29.60499954,2,8,0,-1,1,0,1,1,25,0,0,0,1028,0,0,0,0,0,1,1,0,0,0,74.00282288,0,0,0,0,3,1,1,1,100,0,0,0,0,0,0,0,0,0,0,0,0,0,0,0,0,0,0,0,0,0,0,0,0,0,0,0,0,0,0,0,0,0,0,0,0,0,0,0,0,0,0,0,0,0,0,0,0,0,0,0,0,0,0,0,0,0,0,0
1989,236,16,25,41.60499954,2,8,0,-1,1,0,1,1,25,0,0,0,1028,0,0,0,0,0,1,1,0,0,0,73.68793488,0,0,0,0,3,1,1,1,100,0,0,0,0,0,0,0,0,0,0,0,0,0,0,0,0,0,0,0,0,0,0,0,0,0,0,0,0,0,0,0,0,0,0,0,0,0,0,0,0,0,0,0,0,0,0,0,0,0,0,0,0,0,0,0,0,0,0,0
1989,236,16,27,17.60499954,2,8,0,-1,1,0,1,1,25,0,0,0,1028,0,0,0,0,0,1,1,0,0,0,73.53047943,0,0,0,0,3,1,1,1,100,0,0,0,0,0,0,0,0,0,0,0,0,0,0,0,0,0,0,0,0,0,0,0,0,0,0,0,0,0,0,0,0,0,0,0,0,0,0,0,0,0,0,0,0,0,0,0,0,0,0,0,0,0,0,0,0,0,0,0
1989,236,16,31,17.60400009,2,8,0,-1,1,0,1,1,25,0,0,0,1028,0,0,0,0,0,1,1,0,0,0,73.13677979,0,0,0,0,3,1,1,1,100,0,0,0,0,0,0,0,0,0,0,0,0,0,0,0,0,0,0,0,0,0,0,0,0,0,0,0,0,0,0,0,0,0,0,0,0,0,0,0,0,0,0,0,0,0,0,0,0,0,0,0,0,0,0,0,0,0,0,0
1989,236,16,32,53.60400009,2,8,0,-1,1,0,1,1,25,0,0,0,1028,0,0,0,0,0,1,1,0,0,0,72.97927856,0,0,0,0,3,1,1,1,100,0,0,0,0,0,0,0,0,0,0,0,0,0,0,0,0,0,0,0,0,0,0,0,0,0,0,0,0,0,0,0,0,0,0,0,0,0,0,0,0,0,0,0,0,0,0,0,0,0,0,0,0,0,0,0,0,0,0,0
1989,236,16,34,29.60400009,2,8,0,-1,1,0,1,1,25,0,0,0,1028,0,0,0,0,0,1,1,0,0,0,72.82176971,0,0,0,0,3,1,1,1,100,0,0,0,0,0,0,0,0,0,0,0,0,0,0,0,0,0,0,0,0,0,0,0,0,0,0,0,0,0,0,0,0,0,0,0,0,0,0,0,0,0,0,0,0,0,0,0,0,0,0,0,0,0,0,0,0,0,0,0
1989,236,16,36,5.604000092,2,8,0,-1,1,0,1,1,25,0,0,0,1028,0,0,0,0,0,1,1,0,0,0,72.66425323,0,0,0,0,3,1,1,1,100,0,0,0,0,0,0,0,0,0,0,0,0,0,0,0,0,0,0,0,0,0,0,0,0,0,0,0,0,0,0,0,0,0,0,0,0,0,0,0,0,0,0,0,0,0,0,0,0,0,0,0,0,0,0,0,0,0,0,0
1989,236,16,37,41.60400009,2,8,0,-1,1,0,1,1,25,0,0,0,1028,0,0,0,0,0,1,1,0,0,0,72.5067215,0,0,0,0,3,1,1,1,100,0,0,0,0,0,0,0,0,0,0,0,0,0,0,0,0,0,0,0,0,0,0,0,0,0,0,0,0,0,0,0,0,0,0,0,0,0,0,0,0,0,0,0,0,0,0,0,0,0,0,0,0,0,0,0,0,0,0,0
1989,236,16,39,17.60400009,2,8,0,-1,1,0,1,1,25,0,0,0,1028,0,0,0,0,0,1,1,0,0,0,72.3491745,0,0,0,0,3,1,1,1,100,0,0,0,0,0,0,0,0,0,0,0,0,0,0,0,0,0,0,0,0,0,0,0,0,0,0,0,0,0,0,0,0,0,0,0,0,0,0,0,0,0,0,0,0,0,0,0,0,0,0,0,0,0,0,0,0,0,0,0
1989,236,16,43,17.60300064,2,8,0,-1,1,0,1,1,25,0,0,0,1028,0,0,0,0,0,1,1,0,0,0,71.95526886,0,0,0,0,3,1,1,1,100,0,0,0,0,0,0,0,0,0,0,0,0,0,0,0,0,0,0,0,0,0,0,0,0,0,0,0,0,0,0,0,0,0,0,0,0,0,0,0,0,0,0,0,0,0,0,0,0,0,0,0,0,0,0,0,0,0,0,0
1989,236,16,44,53.60300064,2,8,0,-1,1,0,1,1,25,0,0,0,1028,0,0,0,0,0,1,1,0,0,0,71.79769135,0,0,0,0,3,1,1,1,100,0,0,0,0,0,0,0,0,0,0,0,0,0,0,0,0,0,0,0,0,0,0,0,0,0,0,0,0,0,0,0,0,0,0,0,0,0,0,0,0,0,0,0,0,0,0,0,0,0,0,0,0,0,0,0,0,0,0,0
1989,236,16,46,29.60300064,2,8,0,-1,1,0,1,1,25,0,0,0,1028,0,0,0,0,0,1,1,0,0,0,71.64009857,0,0,0,0,3,1,1,1,100,0,0,0,0,0,0,0,0,0,0,0,0,0,0,0,0,0,0,0,0,0,0,0,0,0,0,0,0,0,0,0,0,0,0,0,0,0,0,0,0,0,0,0,0,0,0,0,0,0,0,0,0,0,0,0,0,0,0,0
1989,236,16,48,5.603000164,2,8,0,-1,1,0,1,1,25,0,0,0,1028,0,0,0,0,0,1,1,0,0,0,71.48249054,0,0,0,0,3,1,1,1,100,0,0,0,0,0,0,0,0,0,0,0,0,0,0,0,0,0,0,0,0,0,0,0,0,0,0,0,0,0,0,0,0,0,0,0,0,0,0,0,0,0,0,0,0,0,0,0,0,0,0,0,0,0,0,0,0,0,0,0
1989,236,16,49,41.60300064,2,8,0,-1,1,0,1,1,25,0,0,0,1028,0,0,0,0,0,1,1,0,0,0,71.32487488,0,0,0,0,3,1,1,1,100,0,0,0,0,0,0,0,0,0,0,0,0,0,0,0,0,0,0,0,0,0,0,0,0,0,0,0,0,0,0,0,0,0,0,0,0,0,0,0,0,0,0,0,0,0,0,0,0,0,0,0,0,0,0,0,0,0,0,0
1989,236,16,51,17.60300064,2,8,0,-1,1,0,1,1,25,0,0,0,1028,0,0,0,0,0,1,1,0,0,0,71.16724396,0,0,0,0,3,1,1,1,100,0,0,0,0,0,0,0,0,0,0,0,0,0,0,0,0,0,0,0,0,0,0,0,0,0,0,0,0,0,0,0,0,0,0,0,0,0,0,0,0,0,0,0,0,0,0,0,0,0,0,0,0,0,0,0,0,0,0,0
1989,236,16,55,17.60199928,2,8,0,-1,1,0,1,1,25,0,0,0,1028,0,0,0,0,0,1,1,0,0,0,70.77312469,0,0,0,0,3,1,1,1,100,0,0,0,0,0,0,0,0,0,0,0,0,0,0,0,0,0,0,0,0,0,0,0,0,0,0,0,0,0,0,0,0,0,0,0,0,0,0,0,0,0,0,0,0,0,0,0,0,0,0,0,0,0,0,0,0,0,0,0
1989,236,16,56,53.60200119,2,8,0,-1,1,0,1,1,25,0,0,0,1028,0,0,0,0,0,1,1,0,0,0,70.61545563,0,0,0,0,3,1,1,1,100,0,0,0,0,0,0,0,0,0,0,0,0,0,0,0,0,0,0,0,0,0,0,0,0,0,0,0,0,0,0,0,0,0,0,0,0,0,0,0,0,0,0,0,0,0,0,0,0,0,0,0,0,0,0,0,0,0,0,0
1989,236,16,58,29.60099983,2,8,0,-1,1,0,1,1,25,0,0,0,1028,0,0,0,0,0,1,1,0,0,0,70.4577713,0,0,0,0,3,1,1,1,100,0,0,0,0,0,0,0,0,0,0,0,0,0,0,0,0,0,0,0,0,0,0,0,0,0,0,0,0,0,0,0,0,0,0,0,0,0,0,0,0,0,0,0,0,0,0,0,0,0,0,0,0,0,0,0,0,0,0,0
1989,236,17,0,5.602000237,2,8,0,-1,1,0,1,1,25,0,0,0,1028,0,0,0,0,0,1,1,0,0,0,70.30007935,0,0,0,0,3,1,1,1,100,0,0,0,0,0,0,0,0,0,0,0,0,0,0,0,0,0,0,0,0,0,0,0,0,0,0,0,0,0,0,0,0,0,0,0,0,0,0,0,0,0,0,0,0,0,0,0,0,0,0,0,0,0,0,0,0,0,0,0
1989,236,17,1,41.60200119,2,8,0,-1,1,0,1,1,25,0,0,0,1028,0,0,0,0,0,1,1,0,0,0,70.14237976,0,0,0,0,3,1,1,1,100,0,0,0,0,0,0,0,0,0,0,0,0,0,0,0,0,0,0,0,0,0,0,0,0,0,0,0,0,0,0,0,0,0,0,0,0,0,0,0,0,0,0,0,0,0,0,0,0,0,0,0,0,0,0,0,0,0,0,0
1989,236,17,3,17.60099983,2,8,0,-1,1,0,1,1,25,0,0,0,1028,0,0,0,0,0,1,1,0,0,0,69.98465729,0,0,0,0,3,1,1,1,100,0,0,0,0,0,0,0,0,0,0,0,0,0,0,0,0,0,0,0,0,0,0,0,0,0,0,0,0,0,0,0,0,0,0,0,0,0,0,0,0,0,0,0,0,0,0,0,0,0,0,0,0,0,0,0,0,0,0,0
1989,236,17,7,17.60099983,2,8,0,-1,1,0,1,1,25,0,0,0,1028,0,0,0,0,0,1,1,0,0,0,69.59031677,0,0,0,0,3,1,1,1,100,0,0,0,0,0,0,0,0,0,0,0,0,0,0,0,0,0,0,0,0,0,0,0,0,0,0,0,0,0,0,0,0,0,0,0,0,0,0,0,0,0,0,0,0,0,0,0,0,0,0,0,0,0,0,0,0,0,0,0
1989,236,17,8,53.60100174,2,8,0,-1,1,0,1,1,25,0,0,0,1028,0,0,0,0,0,1,1,0,0,0,69.43255615,0,0,0,0,3,1,1,1,100,0,0,0,0,0,0,0,0,0,0,0,0,0,0,0,0,0,0,0,0,0,0,0,0,0,0,0,0,0,0,0,0,0,0,0,0,0,0,0,0,0,0,0,0,0,0,0,0,0,0,0,0,0,0,0,0,0,0,0
1989,236,17,10,29.60099983,2,8,0,-1,1,0,1,1,25,0,0,0,1028,0,0,0,0,0,1,1,0,0,0,69.2747879,0,0,0,0,3,1,1,1,100,0,0,0,0,0,0,0,0,0,0,0,0,0,0,0,0,0,0,0,0,0,0,0,0,0,0,0,0,0,0,0,0,0,0,0,0,0,0,0,0,0,0,0,0,0,0,0,0,0,0,0,0,0,0,0,0,0,0,0
1989,236,17,12,5.600999832,2,8,0,-1,1,0,1,1,25,0,0,0,1028,0,0,0,0,0,1,1,0,0,0,69.11700439,0,0,0,0,3,1,1,1,100,0,0,0,0,0,0,0,0,0,0,0,0,0,0,0,0,0,0,0,0,0,0,0,0,0,0,0,0,0,0,0,0,0,0,0,0,0,0,0,0,0,0,0,0,0,0,0,0,0,0,0,0,0,0,0,0,0,0,0
1989,236,17,13,41.60100174,2,8,0,-1,1,0,1,1,25,0,0,0,1028,0,0,0,0,0,1,1,0,0,0,68.95920563,0,0,0,0,3,1,1,1,100,0,0,0,0,0,0,0,0,0,0,0,0,0,0,0,0,0,0,0,0,0,0,0,0,0,0,0,0,0,0,0,0,0,0,0,0,0,0,0,0,0,0,0,0,0,0,0,0,0,0,0,0,0,0,0,0,0,0,0
1989,236,17,15,17.60099983,2,8,0,-1,1,0,1,1,25,0,0,0,1028,0,0,0,0,0,1,1,0,0,0,68.80139923,0,0,0,0,3,1,1,1,100,0,0,0,0,0,0,0,0,0,0,0,0,0,0,0,0,0,0,0,0,0,0,0,0,0,0,0,0,0,0,0,0,0,0,0,0,0,0,0,0,0,0,0,0,0,0,0,0,0,0,0,0,0,0,0,0,0,0,0
1989,236,17,19,17.60099983,2,8,0,-1,1,0,1,1,25,0,0,0,1028,0,0,0,0,0,1,1,0,0,0,68.4068222,0,0,0,0,3,1,1,1,100,0,0,0,0,0,0,0,0,0,0,0,0,0,0,0,0,0,0,0,0,0,0,0,0,0,0,0,0,0,0,0,0,0,0,0,0,0,0,0,0,0,0,0,0,0,0,0,0,0,0,0,0,0,0,0,0,0,0,0
1989,236,17,20,53.60100174,2,8,0,-1,1,0,1,1,25,0,0,0,1028,0,0,0,0,0,1,1,0,0,0,68.24897003,0,0,0,0,3,1,1,1,100,0,0,0,0,0,0,0,0,0,0,0,0,0,0,0,0,0,0,0,0,0,0,0,0,0,0,0,0,0,0,0,0,0,0,0,0,0,0,0,0,0,0,0,0,0,0,0,0,0,0,0,0,0,0,0,0,0,0,0
1989,236,17,22,29.60000038,2,8,0,-1,1,0,1,1,25,0,0,0,1028,0,0,0,0,0,1,1,0,0,0,68.09111023,0,0,0,0,3,1,1,1,100,0,0,0,0,0,0,0,0,0,0,0,0,0,0,0,0,0,0,0,0,0,0,0,0,0,0,0,0,0,0,0,0,0,0,0,0,0,0,0,0,0,0,0,0,0,0,0,0,0,0,0,0,0,0,0,0,0,0,0
1989,236,17,24,5.599999905,2,8,0,-1,1,0,1,1,25,0,0,0,1028,0,0,0,0,0,1,1,0,0,0,67.93323517,0,0,0,0,3,1,1,1,100,0,0,0,0,0,0,0,0,0,0,0,0,0,0,0,0,0,0,0,0,0,0,0,0,0,0,0,0,0,0,0,0,0,0,0,0,0,0,0,0,0,0,0,0,0,0,0,0,0,0,0,0,0,0,0,0,0,0,0
1989,236,17,25,41.59999847,2,8,0,-1,1,0,1,1,25,0,0,0,1028,0,0,0,0,0,1,1,0,0,0,67.77534485,0,0,0,0,3,1,1,1,100,0,0,0,0,0,0,0,0,0,0,0,0,0,0,0,0,0,0,0,0,0,0,0,0,0,0,0,0,0,0,0,0,0,0,0,0,0,0,0,0,0,0,0,0,0,0,0,0,0,0,0,0,0,0,0,0,0,0,0
1989,236,17,27,17.60000038,2,8,0,-1,1,0,1,1,25,0,0,0,1028,0,0,0,0,0,1,1,0,0,0,67.61743927,0,0,0,0,3,1,1,1,100,0,0,0,0,0,0,0,0,0,0,0,0,0,0,0,0,0,0,0,0,0,0,0,0,0,0,0,0,0,0,0,0,0,0,0,0,0,0,0,0,0,0,0,0,0,0,0,0,0,0,0,0,0,0,0,0,0,0,0
1989,236,17,31,17.60000038,2,8,0,-1,1,0,1,1,25,0,0,0,1028,0,0,0,0,0,1,1,0,0,0,67.22262573,0,0,0,0,3,1,1,1,100,0,0,0,0,0,0,0,0,0,0,0,0,0,0,0,0,0,0,0,0,0,0,0,0,0,0,0,0,0,0,0,0,0,0,0,0,0,0,0,0,0,0,0,0,0,0,0,0,0,0,0,0,0,0,0,0,0,0,0
1989,236,17,32,53.59999847,2,8,0,-1,1,0,1,1,25,0,0,0,1028,0,0,0,0,0,1,1,0,0,0,67.06467438,0,0,0,0,3,1,1,1,100,0,0,0,0,0,0,0,0,0,0,0,0,0,0,0,0,0,0,0,0,0,0,0,0,0,0,0,0,0,0,0,0,0,0,0,0,0,0,0,0,0,0,0,0,0,0,0,0,0,0,0,0,0,0,0,0,0,0,0
1989,236,17,34,29.60000038,2,8,0,-1,1,0,1,1,25,0,0,0,1028,0,0,0,0,0,1,1,0,0,0,66.90671539,0,0,0,0,3,1,1,1,100,0,0,0,0,0,0,0,0,0,0,0,0,0,0,0,0,0,0,0,0,0,0,0,0,0,0,0,0,0,0,0,0,0,0,0,0,0,0,0,0,0,0,0,0,0,0,0,0,0,0,0,0,0,0,0,0,0,0,0
1989,236,17,36,5.598999977,2,8,0,-1,1,0,1,1,25,0,0,0,1028,0,0,0,0,0,1,1,0,0,0,66.74874115,0,0,0,0,3,1,1,1,100,0,0,0,0,0,0,0,0,0,0,0,0,0,0,0,0,0,0,0,0,0,0,0,0,0,0,0,0,0,0,0,0,0,0,0,0,0,0,0,0,0,0,0,0,0,0,0,0,0,0,0,0,0,0,0,0,0,0,0
1989,236,17,37,41.59799957,2,8,0,-1,1,0,1,1,25,0,0,0,1028,0,0,0,0,0,1,1,0,0,0,66.59075928,0,0,0,0,3,1,1,1,100,0,0,0,0,0,0,0,0,0,0,0,0,0,0,0,0,0,0,0,0,0,0,0,0,0,0,0,0,0,0,0,0,0,0,0,0,0,0,0,0,0,0,0,0,0,0,0,0,0,0,0,0,0,0,0,0,0,0,0
1989,236,17,39,17.59900093,2,8,0,-1,1,0,1,1,25,0,0,0,1028,0,0,0,0,0,1,1,0,0,0,66.43275452,0,0,0,0,3,1,1,1,100,0,0,0,0,0,0,0,0,0,0,0,0,0,0,0,0,0,0,0,0,0,0,0,0,0,0,0,0,0,0,0,0,0,0,0,0,0,0,0,0,0,0,0,0,0,0,0,0,0,0,0,0,0,0,0,0,0,0,0
1989,236,17,43,17.59900093,2,8,0,-1,1,0,1,1,25,0,0,0,1028,0,0,0,0,0,1,1,0,0,0,66.03768921,0,0,0,0,3,1,1,1,100,0,0,0,0,0,0,0,0,0,0,0,0,0,0,0,0,0,0,0,0,0,0,0,0,0,0,0,0,0,0,0,0,0,0,0,0,0,0,0,0,0,0,0,0,0,0,0,0,0,0,0,0,0,0,0,0,0,0,0
1989,236,17,44,53.59899902,2,8,0,-1,1,0,1,1,25,0,0,0,1028,0,0,0,0,0,1,1,0,0,0,65.8796463,0,0,0,0,3,1,1,1,100,0,0,0,0,0,0,0,0,0,0,0,0,0,0,0,0,0,0,0,0,0,0,0,0,0,0,0,0,0,0,0,0,0,0,0,0,0,0,0,0,0,0,0,0,0,0,0,0,0,0,0,0,0,0,0,0,0,0,0
1989,236,17,49,41.59700012,2,8,0,-1,1,0,1,1,25,0,0,0,1028,0,0,0,0,0,1,1,0,0,0,65.4054184,0,0,0,0,3,1,1,1,100,0,0,0,0,0,0,0,0,0,0,0,0,0,0,0,0,0,0,0,0,0,0,0,0,0,0,0,0,0,0,0,0,0,0,0,0,0,0,0,0,0,0,0,0,0,0,0,0,0,0,0,0,0,0,0,0,0,0,0
1989,236,17,51,17.59799957,2,8,0,-1,1,0,1,1,25,0,0,0,1028,0,0,0,0,0,1,1,0,0,0,65.24731445,0,0,0,0,3,1,1,1,100,0,0,0,0,0,0,0,0,0,0,0,0,0,0,0,0,0,0,0,0,0,0,0,0,0,0,0,0,0,0,0,0,0,0,0,0,0,0,0,0,0,0,0,0,0,0,0,0,0,0,0,0,0,0,0,0,0,0,0
1989,236,17,55,17.59799957,2,8,0,-1,1,0,1,1,25,0,0,0,1028,0,0,0,0,0,1,1,0,0,0,64.85198975,0,0,0,0,3,1,1,1,100,0,0,0,0,0,0,0,0,0,0,0,0,0,0,0,0,0,0,0,0,0,0,0,0,0,0,0,0,0,0,0,0,0,0,0,0,0,0,0,0,0,0,0,0,0,0,0,0,0,0,0,0,0,0,0,0,0,0,0
1989,236,17,56,53.59799957,2,8,0,-1,1,0,1,1,25,0,0,0,1028,0,0,0,0,0,1,1,0,0,0,64.69384003,0,0,0,0,3,1,1,1,100,0,0,0,0,0,0,0,0,0,0,0,0,0,0,0,0,0,0,0,0,0,0,0,0,0,0,0,0,0,0,0,0,0,0,0,0,0,0,0,0,0,0,0,0,0,0,0,0,0,0,0,0,0,0,0,0,0,0,0
1989,236,17,58,29.59799957,2,8,0,-1,1,0,1,1,25,0,0,0,1028,0,0,0,0,0,1,1,0,0,0,64.53567505,0,0,0,0,3,1,1,1,100,0,0,0,0,0,0,0,0,0,0,0,0,0,0,0,0,0,0,0,0,0,0,0,0,0,0,0,0,0,0,0,0,0,0,0,0,0,0,0,0,0,0,0,0,0,0,0,0,0,0,0,0,0,0,0,0,0,0,0
1989,236,18,0,5.59800005,2,8,0,-1,1,0,1,1,25,0,0,0,1028,0,0,0,0,0,1,1,0,0,0,64.37749481,0,0,0,0,3,1,1,1,100,0,0,0,0,0,0,0,0,0,0,0,0,0,0,0,0,0,0,0,0,0,0,0,0,0,0,0,0,0,0,0,0,0,0,0,0,0,0,0,0,0,0,0,0,0,0,0,0,0,0,0,0,0,0,0,0,0,0,0
1989,236,18,1,41.59600067,2,8,0,-1,1,0,1,1,25,0,0,0,1028,0,0,0,0,0,1,1,0,0,0,64.21929932,0,0,0,0,3,1,1,1,100,0,0,0,0,0,0,0,0,0,0,0,0,0,0,0,0,0,0,0,0,0,0,0,0,0,0,0,0,0,0,0,0,0,0,0,0,0,0,0,0,0,0,0,0,0,0,0,0,0,0,0,0,0,0,0,0,0,0,0
1989,236,18,3,17.59600067,2,8,0,-1,1,0,1,1,25,0,0,0,1028,0,0,0,0,0,1,1,0,0,0,64.06108856,0,0,0,0,3,1,1,1,100,0,0,0,0,0,0,0,0,0,0,0,0,0,0,0,0,0,0,0,0,0,0,0,0,0,0,0,0,0,0,0,0,0,0,0,0,0,0,0,0,0,0,0,0,0,0,0,0,0,0,0,0,0,0,0,0,0,0,0
1989,236,18,7,17.59700012,2,8,0,-1,1,0,1,1,25,0,0,0,1028,0,0,0,0,0,1,1,0,0,0,63.66550446,0,0,0,0,3,1,1,1,100,0,0,0,0,0,0,0,0,0,0,0,0,0,0,0,0,0,0,0,0,0,0,0,0,0,0,0,0,0,0,0,0,0,0,0,0,0,0,0,0,0,0,0,0,0,0,0,0,0,0,0,0,0,0,0,0,0,0,0
1989,236,18,8,53.59600067,2,8,0,-1,1,0,1,1,25,0,0,0,1028,0,0,0,0,0,1,1,0,0,0,63.50724411,0,0,0,0,3,1,1,1,100,0,0,0,0,0,0,0,0,0,0,0,0,0,0,0,0,0,0,0,0,0,0,0,0,0,0,0,0,0,0,0,0,0,0,0,0,0,0,0,0,0,0,0,0,0,0,0,0,0,0,0,0,0,0,0,0,0,0,0
1989,236,18,10,29.59600067,2,8,0,-1,1,0,1,1,25,0,0,0,1028,0,0,0,0,0,1,1,0,0,0,63.34896851,0,0,0,0,3,1,1,1,100,0,0,0,0,0,0,0,0,0,0,0,0,0,0,0,0,0,0,0,0,0,0,0,0,0,0,0,0,0,0,0,0,0,0,0,0,0,0,0,0,0,0,0,0,0,0,0,0,0,0,0,0,0,0,0,0,0,0,0
1989,236,18,12,5.597000122,2,8,0,-1,1,0,1,1,25,0,0,0,1028,0,0,0,0,0,1,1,0,0,0,63.19067764,0,0,0,0,3,1,1,1,100,0,0,0,0,0,0,0,0,0,0,0,0,0,0,0,0,0,0,0,0,0,0,0,0,0,0,0,0,0,0,0,0,0,0,0,0,0,0,0,0,0,0,0,0,0,0,0,0,0,0,0,0,0,0,0,0,0,0,0
1989,236,18,13,41.59500122,2,8,0,-1,1,0,1,1,25,0,0,0,1028,0,0,0,0,0,1,1,0,0,0,63.03237534,0,0,0,0,3,1,1,1,100,0,0,0,0,0,0,0,0,0,0,0,0,0,0,0,0,0,0,0,0,0,0,0,0,0,0,0,0,0,0,0,0,0,0,0,0,0,0,0,0,0,0,0,0,0,0,0,0,0,0,0,0,0,0,0,0,0,0,0
1989,236,18,15,17.59499931,2,8,0,-1,1,0,1,1,25,0,0,0,1028,0,0,0,0,0,1,1,0,0,0,62.87405777,0,0,0,0,3,1,1,1,100,0,0,0,0,0,0,0,0,0,0,0,0,0,0,0,0,0,0,0,0,0,0,0,0,0,0,0,0,0,0,0,0,0,0,0,0,0,0,0,0,0,0,0,0,0,0,0,0,0,0,0,0,0,0,0,0,0,0,0
1989,236,18,19,17.59499931,2,8,0,-1,1,0,1,1,25,0,0,0,1028,0,0,0,0,0,1,1,0,0,0,62.47819138,0,0,0,0,3,1,1,1,100,0,0,0,0,0,0,0,0,0,0,0,0,0,0,0,0,0,0,0,0,0,0,0,0,0,0,0,0,0,0,0,0,0,0,0,0,0,0,0,0,0,0,0,0,0,0,0,0,0,0,0,0,0,0,0,0,0,0,0
1989,236,18,20,53.59500122,2,8,0,-1,1,0,1,1,25,0,0,0,1028,0,0,0,0,0,1,1,0,0,0,62.31981659,0,0,0,0,3,1,1,1,100,0,0,0,0,0,0,0,0,0,0,0,0,0,0,0,0,0,0,0,0,0,0,0,0,0,0,0,0,0,0,0,0,0,0,0,0,0,0,0,0,0,0,0,0,0,0,0,0,0,0,0,0,0,0,0,0,0,0,0
1989,236,18,22,29.59499931,2,8,0,-1,1,0,1,1,25,0,0,0,1028,0,0,0,0,0,1,1,0,0,0,62.16143036,0,0,0,0,3,1,1,1,100,0,0,0,0,0,0,0,0,0,0,0,0,0,0,0,0,0,0,0,0,0,0,0,0,0,0,0,0,0,0,0,0,0,0,0,0,0,0,0,0,0,0,0,0,0,0,0,0,0,0,0,0,0,0,0,0,0,0,0
1989,236,18,24,5.596000195,2,8,0,-1,1,0,1,1,25,0,0,0,1028,0,0,0,0,0,1,1,0,0,0,62.00302505,0,0,0,0,3,1,1,1,100,0,0,0,0,0,0,0,0,0,0,0,0,0,0,0,0,0,0,0,0,0,0,0,0,0,0,0,0,0,0,0,0,0,0,0,0,0,0,0,0,0,0,0,0,0,0,0,0,0,0,0,0,0,0,0,0,0,0,0
1989,236,18,25,41.59500122,2,8,0,-1,1,0,1,1,25,0,0,0,1028,0,0,0,0,0,1,1,0,0,0,61.84460831,0,0,0,0,3,1,1,1,100,0,0,0,0,0,0,0,0,0,0,0,0,0,0,0,0,0,0,0,0,0,0,0,0,0,0,0,0,0,0,0,0,0,0,0,0,0,0,0,0,0,0,0,0,0,0,0,0,0,0,0,0,0,0,0,0,0,0,0
1989,236,18,27,17.59499931,2,8,0,-1,1,0,1,1,25,0,0,0,1028,0,0,0,0,0,1,1,0,0,0,61.6861763,0,0,0,0,3,1,1,1,100,0,0,0,0,0,0,0,0,0,0,0,0,0,0,0,0,0,0,0,0,0,0,0,0,0,0,0,0,0,0,0,0,0,0,0,0,0,0,0,0,0,0,0,0,0,0,0,0,0,0,0,0,0,0,0,0,0,0,0
1989,236,18,31,17.59499931,2,8,0,-1,1,0,1,1,25,0,0,0,1028,0,0,0,0,0,1,1,0,0,0,61.29001999,0,0,0,0,3,1,1,1,100,0,0,0,0,0,0,0,0,0,0,0,0,0,0,0,0,0,0,0,0,0,0,0,0,0,0,0,0,0,0,0,0,0,0,0,0,0,0,0,0,0,0,0,0,0,0,0,0,0,0,0,0,0,0,0,0,0,0,0
1989,236,18,32,53.59500122,2,8,0,-1,1,0,1,1,25,0,0,0,1028,0,0,0,0,0,1,1,0,0,0,61.13153076,0,0,0,0,3,1,1,1,100,0,0,0,0,0,0,0,0,0,0,0,0,0,0,0,0,0,0,0,0,0,0,0,0,0,0,0,0,0,0,0,0,0,0,0,0,0,0,0,0,0,0,0,0,0,0,0,0,0,0,0,0,0,0,0,0,0,0,0
1989,236,18,34,29.59399986,2,8,0,-1,1,0,1,1,25,0,0,0,1028,0,0,0,0,0,1,1,0,0,0,60.97302628,0,0,0,0,3,1,1,1,100,0,0,0,0,0,0,0,0,0,0,0,0,0,0,0,0,0,0,0,0,0,0,0,0,0,0,0,0,0,0,0,0,0,0,0,0,0,0,0,0,0,0,0,0,0,0,0,0,0,0,0,0,0,0,0,0,0,0,0
1989,236,18,36,5.59499979,2,8,0,-1,1,0,1,1,25,0,0,0,1028,0,0,0,0,0,1,1,0,0,0,60.81450272,0,0,0,0,3,1,1,1,100,0,0,0,0,0,0,0,0,0,0,0,0,0,0,0,0,0,0,0,0,0,0,0,0,0,0,0,0,0,0,0,0,0,0,0,0,0,0,0,0,0,0,0,0,0,0,0,0,0,0,0,0,0,0,0,0,0,0,0
1989,236,18,37,41.59400177,2,8,0,-1,1,0,1,1,25,0,0,0,1028,0,0,0,0,0,1,1,0,0,0,60.65596771,0,0,0,0,3,1,1,1,100,0,0,0,0,0,0,0,0,0,0,0,0,0,0,0,0,0,0,0,0,0,0,0,0,0,0,0,0,0,0,0,0,0,0,0,0,0,0,0,0,0,0,0,0,0,0,0,0,0,0,0,0,0,0,0,0,0,0,0
1989,236,18,39,17.59399986,2,8,0,-1,1,0,1,1,25,0,0,0,1028,0,0,0,0,0,1,1,0,0,0,60.49741364,0,0,0,0,3,1,1,1,100,0,0,0,0,0,0,0,0,0,0,0,0,0,0,0,0,0,0,0,0,0,0,0,0,0,0,0,0,0,0,0,0,0,0,0,0,0,0,0,0,0,0,0,0,0,0,0,0,0,0,0,0,0,0,0,0,0,0,0
1989,236,18,43,17.59399986,2,8,0,-1,1,0,1,1,25,0,0,0,1028,0,0,0,0,0,1,1,0,0,0,60.10095978,0,0,0,0,3,1,1,1,100,0,0,0,0,0,0,0,0,0,0,0,0,0,0,0,0,0,0,0,0,0,0,0,0,0,0,0,0,0,0,0,0,0,0,0,0,0,0,0,0,0,0,0,0,0,0,0,0,0,0,0,0,0,0,0,0,0,0,0
1989,236,18,44,53.59400177,2,8,0,-1,1,0,1,1,25,0,0,0,1028,0,0,0,0,0,1,1,0,0,0,59.94234848,0,0,0,0,3,1,1,1,100,0,0,0,0,0,0,0,0,0,0,0,0,0,0,0,0,0,0,0,0,0,0,0,0,0,0,0,0,0,0,0,0,0,0,0,0,0,0,0,0,0,0,0,0,0,0,0,0,0,0,0,0,0,0,0,0,0,0,0
1989,236,18,46,29.59399986,2,8,0,-1,1,0,1,1,25,0,0,0,1028,0,0,0,0,0,1,1,0,0,0,59.78371811,0,0,0,0,3,1,1,1,100,0,0,0,0,0,0,0,0,0,0,0,0,0,0,0,0,0,0,0,0,0,0,0,0,0,0,0,0,0,0,0,0,0,0,0,0,0,0,0,0,0,0,0,0,0,0,0,0,0,0,0,0,0,0,0,0,0,0,0
1989,236,18,48,5.593999863,2,8,0,-1,1,0,1,1,25,0,0,0,1028,0,0,0,0,0,1,1,0,0,0,59.62507629,0,0,0,0,3,1,1,1,100,0,0,0,0,0,0,0,0,0,0,0,0,0,0,0,0,0,0,0,0,0,0,0,0,0,0,0,0,0,0,0,0,0,0,0,0,0,0,0,0,0,0,0,0,0,0,0,0,0,0,0,0,0,0,0,0,0,0,0
1989,236,18,49,41.5929985,2,8,0,-1,1,0,1,1,25,0,0,0,1028,0,0,0,0,0,1,1,0,0,0,59.46641541,0,0,0,0,3,1,1,1,100,0,0,0,0,0,0,0,0,0,0,0,0,0,0,0,0,0,0,0,0,0,0,0,0,0,0,0,0,0,0,0,0,0,0,0,0,0,0,0,0,0,0,0,0,0,0,0,0,0,0,0,0,0,0,0,0,0,0,0
1989,236,18,51,17.59399986,2,8,0,-1,1,0,1,1,25,0,0,0,1028,0,0,0,0,0,1,1,0,0,0,59.30773544,0,0,0,0,3,1,1,1,100,0,0,0,0,0,0,0,0,0,0,0,0,0,0,0,0,0,0,0,0,0,0,0,0,0,0,0,0,0,0,0,0,0,0,0,0,0,0,0,0,0,0,0,0,0,0,0,0,0,0,0,0,0,0,0,0,0,0,0
1989,236,18,56,53.59199905,2,8,0,-1,1,0,1,1,25,0,0,0,1028,0,0,0,0,0,1,1,0,0,0,58.7522316,0,0,0,0,3,1,1,1,100,0,0,0,0,0,0,0,0,0,0,0,0,0,0,0,0,0,0,0,0,0,0,0,0,0,0,0,0,0,0,0,0,0,0,0,0,0,0,0,0,0,0,0,0,0,0,0,0,0,0,0,0,0,0,0,0,0,0,0
1989,236,18,58,29.59300041,2,8,0,-1,1,0,1,1,25,0,0,0,1028,0,0,0,0,0,1,1,0,0,0,58.59347534,0,0,0,0,3,1,1,1,100,0,0,0,0,0,0,0,0,0,0,0,0,0,0,0,0,0,0,0,0,0,0,0,0,0,0,0,0,0,0,0,0,0,0,0,0,0,0,0,0,0,0,0,0,0,0,0,0,0,0,0,0,0,0,0,0,0,0,0
1989,236,19,0,5.592999935,2,8,0,-1,1,0,1,1,25,0,0,0,1028,0,0,0,0,0,1,1,0,0,0,58.43470001,0,0,0,0,3,1,1,1,100,0,0,0,0,0,0,0,0,0,0,0,0,0,0,0,0,0,0,0,0,0,0,0,0,0,0,0,0,0,0,0,0,0,0,0,0,0,0,0,0,0,0,0,0,0,0,0,0,0,0,0,0,0,0,0,0,0,0,0
1989,236,19,1,41.59199905,2,8,0,-1,1,0,1,1,25,0,0,0,1028,0,0,0,0,0,1,1,0,0,0,58.27591324,0,0,0,0,3,1,1,1,100,0,0,0,0,0,0,0,0,0,0,0,0,0,0,0,0,0,0,0,0,0,0,0,0,0,0,0,0,0,0,0,0,0,0,0,0,0,0,0,0,0,0,0,0,0,0,0,0,0,0,0,0,0,0,0,0,0,0,0
1989,236,19,3,17.59300041,2,8,0,-1,1,0,1,1,25,0,0,0,1028,0,0,0,0,0,1,1,0,0,0,58.11710358,0,0,0,0,3,1,1,1,100,0,0,0,0,0,0,0,0,0,0,0,0,0,0,0,0,0,0,0,0,0,0,0,0,0,0,0,0,0,0,0,0,0,0,0,0,0,0,0,0,0,0,0,0,0,0,0,0,0,0,0,0,0,0,0,0,0,0,0
1989,236,19,7,17.59199905,2,8,0,-1,1,0,1,1,25,0,0,0,1028,0,0,0,0,0,1,1,0,0,0,57.72000885,0,0,0,0,3,1,1,1,100,0,0,0,0,0,0,0,0,0,0,0,0,0,0,0,0,0,0,0,0,0,0,0,0,0,0,0,0,0,0,0,0,0,0,0,0,0,0,0,0,0,0,0,0,0,0,0,0,0,0,0,0,0,0,0,0,0,0,0
1989,236,19,8,53.59199905,2,8,0,-1,1,0,1,1,25,0,0,0,1028,0,0,0,0,0,1,1,0,0,0,57.56113815,0,0,0,0,3,1,1,1,100,0,0,0,0,0,0,0,0,0,0,0,0,0,0,0,0,0,0,0,0,0,0,0,0,0,0,0,0,0,0,0,0,0,0,0,0,0,0,0,0,0,0,0,0,0,0,0,0,0,0,0,0,0,0,0,0,0,0,0
1989,236,19,10,29.5909996,2,8,0,-1,1,0,1,1,25,0,0,0,1028,0,0,0,0,0,1,1,0,0,0,57.40224838,0,0,0,0,3,1,1,1,100,0,0,0,0,0,0,0,0,0,0,0,0,0,0,0,0,0,0,0,0,0,0,0,0,0,0,0,0,0,0,0,0,0,0,0,0,0,0,0,0,0,0,0,0,0,0,0,0,0,0,0,0,0,0,0,0,0,0,0
1989,236,19,12,5.592000008,2,8,0,-1,1,0,1,1,25,0,0,0,1028,0,0,0,0,0,1,1,0,0,0,57.24334335,0,0,0,0,3,1,1,1,100,0,0,0,0,0,0,0,0,0,0,0,0,0,0,0,0,0,0,0,0,0,0,0,0,0,0,0,0,0,0,0,0,0,0,0,0,0,0,0,0,0,0,0,0,0,0,0,0,0,0,0,0,0,0,0,0,0,0,0
1989,236,19,13,41.5909996,2,8,0,-1,1,0,1,1,25,0,0,0,1028,0,0,0,0,0,1,1,0,0,0,57.08441925,0,0,0,0,3,1,1,1,100,0,0,0,0,0,0,0,0,0,0,0,0,0,0,0,0,0,0,0,0,0,0,0,0,0,0,0,0,0,0,0,0,0,0,0,0,0,0,0,0,0,0,0,0,0,0,0,0,0,0,0,0,0,0,0,0,0,0,0
1989,236,19,15,17.59199905,2,8,0,-1,1,0,1,1,25,0,0,0,1028,0,0,0,0,0,1,1,0,0,0,56.92547226,0,0,0,0,3,1,1,1,100,0,0,0,0,0,0,0,0,0,0,0,0,0,0,0,0,0,0,0,0,0,0,0,0,0,0,0,0,0,0,0,0,0,0,0,0,0,0,0,0,0,0,0,0,0,0,0,0,0,0,0,0,0,0,0,0,0,0,0
1989,236,19,19,17.5909996,2,8,0,-1,1,0,1,1,25,0,0,0,1028,0,0,0,0,0,1,1,0,0,0,56.52803802,0,0,0,0,3,1,1,1,100,0,0,0,0,0,0,0,0,0,0,0,0,0,0,0,0,0,0,0,0,0,0,0,0,0,0,0,0,0,0,0,0,0,0,0,0,0,0,0,0,0,0,0,0,0,0,0,0,0,0,0,0,0,0,0,0,0,0,0
1989,236,19,20,53.5909996,2,8,0,-1,1,0,1,1,25,0,0,0,1028,0,0,0,0,0,1,1,0,0,0,56.36902618,0,0,0,0,3,1,1,1,100,0,0,0,0,0,0,0,0,0,0,0,0,0,0,0,0,0,0,0,0,0,0,0,0,0,0,0,0,0,0,0,0,0,0,0,0,0,0,0,0,0,0,0,0,0,0,0,0,0,0,0,0,0,0,0,0,0,0,0
1989,236,19,22,29.5909996,2,8,0,-1,1,0,1,1,25,0,0,0,1028,0,0,0,0,0,1,1,0,0,0,56.20999908,0,0,0,0,3,1,1,1,100,0,0,0,0,0,0,0,0,0,0,0,0,0,0,0,0,0,0,0,0,0,0,0,0,0,0,0,0,0,0,0,0,0,0,0,0,0,0,0,0,0,0,0,0,0,0,0,0,0,0,0,0,0,0,0,0,0,0,0
1989,236,19,24,5.59100008,2,8,0,-1,1,0,1,1,25,0,0,0,1028,0,0,0,0,0,1,1,0,0,0,56.05095291,0,0,0,0,3,1,1,1,100,0,0,0,0,0,0,0,0,0,0,0,0,0,0,0,0,0,0,0,0,0,0,0,0,0,0,0,0,0,0,0,0,0,0,0,0,0,0,0,0,0,0,0,0,0,0,0,0,0,0,0,0,0,0,0,0,0,0,0
1989,236,19,25,41.5909996,2,8,0,-1,1,0,1,1,25,0,0,0,1028,0,0,0,0,0,1,1,0,0,0,55.89188766,0,0,0,0,3,1,1,1,100,0,0,0,0,0,0,0,0,0,0,0,0,0,0,0,0,0,0,0,0,0,0,0,0,0,0,0,0,0,0,0,0,0,0,0,0,0,0,0,0,0,0,0,0,0,0,0,0,0,0,0,0,0,0,0,0,0,0,0
1989,236,19,27,17.5909996,2,8,0,-1,1,0,1,1,25,0,0,0,1028,0,0,0,0,0,1,1,0,0,0,55.73280334,0,0,0,0,3,1,1,1,100,0,0,0,0,0,0,0,0,0,0,0,0,0,0,0,0,0,0,0,0,0,0,0,0,0,0,0,0,0,0,0,0,0,0,0,0,0,0,0,0,0,0,0,0,0,0,0,0,0,0,0,0,0,0,0,0,0,0,0
1989,236,19,31,17.5890007,2,8,0,-1,1,0,1,1,25,0,0,0,1028,0,0,0,0,0,1,1,0,0,0,55.33501053,0,0,0,0,3,1,1,1,100,0,0,0,0,0,0,0,0,0,0,0,0,0,0,0,0,0,0,0,0,0,0,0,0,0,0,0,0,0,0,0,0,0,0,0,0,0,0,0,0,0,0,0,0,0,0,0,0,0,0,0,0,0,0,0,0,0,0,0
1989,236,19,32,53.59000015,2,8,0,-1,1,0,1,1,25,0,0,0,1028,0,0,0,0,0,1,1,0,0,0,55.17585373,0,0,0,0,3,1,1,1,100,0,0,0,0,0,0,0,0,0,0,0,0,0,0,0,0,0,0,0,0,0,0,0,0,0,0,0,0,0,0,0,0,0,0,0,0,0,0,0,0,0,0,0,0,0,0,0,0,0,0,0,0,0,0,0,0,0,0,0
1989,236,19,34,29.59000015,2,8,0,-1,1,0,1,1,25,0,0,0,1028,0,0,0,0,0,1,1,0,0,0,55.01668549,0,0,0,0,3,1,1,1,100,0,0,0,0,0,0,0,0,0,0,0,0,0,0,0,0,0,0,0,0,0,0,0,0,0,0,0,0,0,0,0,0,0,0,0,0,0,0,0,0,0,0,0,0,0,0,0,0,0,0,0,0,0,0,0,0,0,0,0
1989,236,19,37,41.59000015,2,8,0,-1,1,0,1,1,25,0,0,0,1028,0,0,0,0,0,1,1,0,0,0,54.69827652,0,0,0,0,3,1,1,1,100,0,0,0,0,0,0,0,0,0,0,0,0,0,0,0,0,0,0,0,0,0,0,0,0,0,0,0,0,0,0,0,0,0,0,0,0,0,0,0,0,0,0,0,0,0,0,0,0,0,0,0,0,0,0,0,0,0,0,0
1989,236,19,39,17.59000015,2,8,0,-1,1,0,1,1,25,0,0,0,1028,0,0,0,0,0,1,1,0,0,0,54.53904724,0,0,0,0,3,1,1,1,100,0,0,0,0,0,0,0,0,0,0,0,0,0,0,0,0,0,0,0,0,0,0,0,0,0,0,0,0,0,0,0,0,0,0,0,0,0,0,0,0,0,0,0,0,0,0,0,0,0,0,0,0,0,0,0,0,0,0,0
1989,236,19,43,17.5890007,2,8,0,-1,1,0,1,1,25,0,0,0,1028,0,0,0,0,0,1,1,0,0,0,54.14087677,0,0,0,0,3,1,1,1,100,0,0,0,0,0,0,0,0,0,0,0,0,0,0,0,0,0,0,0,0,0,0,0,0,0,0,0,0,0,0,0,0,0,0,0,0,0,0,0,0,0,0,0,0,0,0,0,0,0,0,0,0,0,0,0,0,0,0,0
1989,236,19,44,53.5890007,2,8,0,-1,1,0,1,1,25,0,0,0,1028,0,0,0,0,0,1,1,0,0,0,53.9815712,0,0,0,0,3,1,1,1,100,0,0,0,0,0,0,0,0,0,0,0,0,0,0,0,0,0,0,0,0,0,0,0,0,0,0,0,0,0,0,0,0,0,0,0,0,0,0,0,0,0,0,0,0,0,0,0,0,0,0,0,0,0,0,0,0,0,0,0
1989,236,19,46,29.58799934,2,8,0,-1,1,0,1,1,25,0,0,0,1028,0,0,0,0,0,1,1,0,0,0,53.82224655,0,0,0,0,3,1,1,1,100,0,0,0,0,0,0,0,0,0,0,0,0,0,0,0,0,0,0,0,0,0,0,0,0,0,0,0,0,0,0,0,0,0,0,0,0,0,0,0,0,0,0,0,0,0,0,0,0,0,0,0,0,0,0,0,0,0,0,0
1989,236,19,48,5.589000225,2,8,0,-1,1,0,1,1,25,0,0,0,1028,0,0,0,0,0,1,1,0,0,0,53.66290283,0,0,0,0,3,1,1,1,100,0,0,0,0,0,0,0,0,0,0,0,0,0,0,0,0,0,0,0,0,0,0,0,0,0,0,0,0,0,0,0,0,0,0,0,0,0,0,0,0,0,0,0,0,0,0,0,0,0,0,0,0,0,0,0,0,0,0,0
1989,236,19,51,17.58799934,2,8,0,-1,1,0,1,1,25,0,0,0,1028,0,0,0,0,0,1,1,0,0,0,53.34414673,0,0,0,0,3,1,1,1,100,0,0,0,0,0,0,0,0,0,0,0,0,0,0,0,0,0,0,0,0,0,0,0,0,0,0,0,0,0,0,0,0,0,0,0,0,0,0,0,0,0,0,0,0,0,0,0,0,0,0,0,0,0,0,0,0,0,0,0
1989,236,19,56,53.58800125,2,8,0,-1,1,0,1,1,25,0,0,0,1028,0,0,0,0,0,1,1,0,0,0,52.78612518,0,0,0,0,3,1,1,1,100,0,0,0,0,0,0,0,0,0,0,0,0,0,0,0,0,0,0,0,0,0,0,0,0,0,0,0,0,0,0,0,0,0,0,0,0,0,0,0,0,0,0,0,0,0,0,0,0,0,0,0,0,0,0,0,0,0,0,0
1989,236,19,58,29.58699989,2,8,0,-1,1,0,1,1,25,0,0,0,1028,0,0,0,0,0,1,1,0,0,0,52.62664032,0,0,0,0,3,1,1,1,100,0,0,0,0,0,0,0,0,0,0,0,0,0,0,0,0,0,0,0,0,0,0,0,0,0,0,0,0,0,0,0,0,0,0,0,0,0,0,0,0,0,0,0,0,0,0,0,0,0,0,0,0,0,0,0,0,0,0,0
1989,236,20,0,5.586999893,2,8,0,-1,1,0,1,1,25,0,0,0,1028,0,0,0,0,0,1,1,0,0,0,52.46713257,0,0,0,0,3,1,1,1,100,0,0,0,0,0,0,0,0,0,0,0,0,0,0,0,0,0,0,0,0,0,0,0,0,0,0,0,0,0,0,0,0,0,0,0,0,0,0,0,0,0,0,0,0,0,0,0,0,0,0,0,0,0,0,0,0,0,0,0
1989,236,22,56,53.57500076,2,8,0,-1,1,0,1,1,25,0,0,0,1015,0,0,0,0,0,1,1,0,0,0,34.66278839,0,0,0,0,3,1,1,1,100,0,0,0,0,0,0,0,0,0,0,0,0,0,0,0,0,0,0,0,0,0,0,0,0,0,0,0,0,0,0,0,0,0,0,0,0,0,0,0,0,0,0,0,0,0,0,0,0,0,0,0,0,0,0,0,0,0,0,0
1989,236,22,58,29.57299995,2,8,0,-1,1,0,1,1,25,0,0,0,1015,0,0,0,0,0,1,1,0,0,0,34.49947739,0,0,0,0,3,1,1,1,100,0,0,0,0,0,0,0,0,0,0,0,0,0,0,0,0,0,0,0,0,0,0,0,0,0,0,0,0,0,0,0,0,0,0,0,0,0,0,0,0,0,0,0,0,0,0,0,0,0,0,0,0,0,0,0,0,0,0,0
1989,236,23,0,5.573999882,2,8,0,-1,1,0,1,1,25,0,0,0,1015,0,0,0,0,0,1,1,0,0,0,34.33611298,0,0,0,0,3,1,1,1,100,0,0,0,0,0,0,0,0,0,0,0,0,0,0,0,0,0,0,0,0,0,0,0,0,0,0,0,0,0,0,0,0,0,0,0,0,0,0,0,0,0,0,0,0,0,0,0,0,0,0,0,0,0,0,0,0,0,0,0
1989,236,23,1,41.57400131,2,8,0,-1,1,0,1,1,25,0,0,0,1015,0,0,0,0,0,1,1,0,0,0,34.17269516,0,0,0,0,3,1,1,1,100,0,0,0,0,0,0,0,0,0,0,0,0,0,0,0,0,0,0,0,0,0,0,0,0,0,0,0,0,0,0,0,0,0,0,0,0,0,0,0,0,0,0,0,0,0,0,0,0,0,0,0,0,0,0,0,0,0,0,0
1989,236,23,3,17.57299995,2,8,0,-1,1,0,1,1,25,0,0,0,1015,0,0,0,0,0,1,1,0,0,0,34.00922394,0,0,0,0,3,1,1,1,100,0,0,0,0,0,0,0,0,0,0,0,0,0,0,0,0,0,0,0,0,0,0,0,0,0,0,0,0,0,0,0,0,0,0,0,0,0,0,0,0,0,0,0,0,0,0,0,0,0,0,0,0,0,0,0,0,0,0,0
1989,236,23,8,53.57400131,2,8,0,-1,1,0,1,1,25,0,0,0,1015,0,0,0,0,0,1,1,0,0,0,33.43663406,0,0,0,0,3,1,1,1,100,0,0,0,0,0,0,0,0,0,0,0,0,0,0,0,0,0,0,0,0,0,0,0,0,0,0,0,0,0,0,0,0,0,0,0,0,0,0,0,0,0,0,0,0,0,0,0,0,0,0,0,0,0,0,0,0,0,0,0
1989,236,23,10,29.57299995,2,8,0,-1,1,0,1,1,25,0,0,0,1015,0,0,0,0,0,1,1,0,0,0,33.27291107,0,0,0,0,3,1,1,1,100,0,0,0,0,0,0,0,0,0,0,0,0,0,0,0,0,0,0,0,0,0,0,0,0,0,0,0,0,0,0,0,0,0,0,0,0,0,0,0,0,0,0,0,0,0,0,0,0,0,0,0,0,0,0,0,0,0,0,0
1989,236,23,12,5.572999954,2,8,0,-1,1,0,1,1,25,0,0,0,1015,0,0,0,0,0,1,1,0,0,0,33.10912704,0,0,0,0,3,1,1,1,100,0,0,0,0,0,0,0,0,0,0,0,0,0,0,0,0,0,0,0,0,0,0,0,0,0,0,0,0,0,0,0,0,0,0,0,0,0,0,0,0,0,0,0,0,0,0,0,0,0,0,0,0,0,0,0,0,0,0,0
1989,236,23,13,41.57300186,2,8,0,-1,1,0,1,1,25,0,0,0,1015,0,0,0,0,0,1,1,0,0,0,32.9452858,0,0,0,0,3,1,1,1,100,0,0,0,0,0,0,0,0,0,0,0,0,0,0,0,0,0,0,0,0,0,0,0,0,0,0,0,0,0,0,0,0,0,0,0,0,0,0,0,0,0,0,0,0,0,0,0,0,0,0,0,0,0,0,0,0,0,0,0
1989,236,23,15,17.57299995,2,8,0,-1,1,0,1,1,25,0,0,0,1015,0,0,0,0,0,1,1,0,0,0,32.78138351,0,0,0,0,3,1,1,1,100,0,0,0,0,0,0,0,0,0,0,0,0,0,0,0,0,0,0,0,0,0,0,0,0,0,0,0,0,0,0,0,0,0,0,0,0,0,0,0,0,0,0,0,0,0,0,0,0,0,0,0,0,0,0,0,0,0,0,0
1989,236,23,19,17.57299995,2,8,0,-1,1,0,1,1,25,0,0,0,1015,0,0,0,0,0,1,1,0,0,0,32.37136841,0,0,0,0,3,1,1,1,100,0,0,0,0,0,0,0,0,0,0,0,0,0,0,0,0,0,0,0,0,0,0,0,0,0,0,0,0,0,0,0,0,0,0,0,0,0,0,0,0,0,0,0,0,0,0,0,0,0,0,0,0,0,0,0,0,0,0,0
1989,236,23,20,53.57300186,2,8,0,-1,1,0,1,1,25,0,0,0,1015,0,0,0,0,0,1,1,0,0,0,32.20725632,0,0,0,0,3,1,1,1,100,0,0,0,0,0,0,0,0,0,0,0,0,0,0,0,0,0,0,0,0,0,0,0,0,0,0,0,0,0,0,0,0,0,0,0,0,0,0,0,0,0,0,0,0,0,0,0,0,0,0,0,0,0,0,0,0,0,0,0
1989,236,23,22,29.5720005,2,8,0,-1,1,0,1,1,25,0,0,0,1015,0,0,0,0,0,1,1,0,0,0,32.04308319,0,0,0,0,3,1,1,1,100,0,0,0,0,0,0,0,0,0,0,0,0,0,0,0,0,0,0,0,0,0,0,0,0,0,0,0,0,0,0,0,0,0,0,0,0,0,0,0,0,0,0,0,0,0,0,0,0,0,0,0,0,0,0,0,0,0,0,0
1989,236,23,24,5.572000027,2,8,0,-1,1,0,1,1,25,0,0,0,1015,0,0,0,0,0,1,1,0,0,0,31.87884712,0,0,0,0,3,1,1,1,100,0,0,0,0,0,0,0,0,0,0,0,0,0,0,0,0,0,0,0,0,0,0,0,0,0,0,0,0,0,0,0,0,0,0,0,0,0,0,0,0,0,0,0,0,0,0,0,0,0,0,0,0,0,0,0,0,0,0,0
1989,236,23,25,41.5719986,2,8,0,-1,1,0,1,1,25,0,0,0,1015,0,0,0,0,0,1,1,0,0,0,31.7145462,0,0,0,0,3,1,1,1,100,0,0,0,0,0,0,0,0,0,0,0,0,0,0,0,0,0,0,0,0,0,0,0,0,0,0,0,0,0,0,0,0,0,0,0,0,0,0,0,0,0,0,0,0,0,0,0,0,0,0,0,0,0,0,0,0,0,0,0
1989,236,23,27,17.5720005,2,8,0,-1,1,0,1,1,25,0,0,0,1015,0,0,0,0,0,1,1,0,0,0,31.55018044,0,0,0,0,3,1,1,1,100,0,0,0,0,0,0,0,0,0,0,0,0,0,0,0,0,0,0,0,0,0,0,0,0,0,0,0,0,0,0,0,0,0,0,0,0,0,0,0,0,0,0,0,0,0,0,0,0,0,0,0,0,0,0,0,0,0,0,0
1989,236,23,31,17.5720005,2,8,0,-1,1,0,1,1,25,0,0,0,1015,0,0,0,0,0,1,1,0,0,0,31.13898277,0,0,0,0,3,1,1,1,100,0,0,0,0,0,0,0,0,0,0,0,0,0,0,0,0,0,0,0,0,0,0,0,0,0,0,0,0,0,0,0,0,0,0,0,0,0,0,0,0,0,0,0,0,0,0,0,0,0,0,0,0,0,0,0,0,0,0,0
1989,236,23,32,53.5719986,2,8,0,-1,1,0,1,1,25,0,0,0,1015,0,0,0,0,0,1,1,0,0,0,30.97438622,0,0,0,0,3,1,1,1,100,0,0,0,0,0,0,0,0,0,0,0,0,0,0,0,0,0,0,0,0,0,0,0,0,0,0,0,0,0,0,0,0,0,0,0,0,0,0,0,0,0,0,0,0,0,0,0,0,0,0,0,0,0,0,0,0,0,0,0
1989,236,23,34,29.5720005,2,8,0,-1,1,0,1,1,25,0,0,0,1015,0,0,0,0,0,1,1,0,0,0,30.80972481,0,0,0,0,3,1,1,1,100,0,0,0,0,0,0,0,0,0,0,0,0,0,0,0,0,0,0,0,0,0,0,0,0,0,0,0,0,0,0,0,0,0,0,0,0,0,0,0,0,0,0,0,0,0,0,0,0,0,0,0,0,0,0,0,0,0,0,0
1989,236,23,36,5.571000099,2,8,0,-1,1,0,1,1,25,0,0,0,1015,0,0,0,0,0,1,1,0,0,0,30.64499474,0,0,0,0,3,1,1,1,100,0,0,0,0,0,0,0,0,0,0,0,0,0,0,0,0,0,0,0,0,0,0,0,0,0,0,0,0,0,0,0,0,0,0,0,0,0,0,0,0,0,0,0,0,0,0,0,0,0,0,0,0,0,0,0,0,0,0,0
1989,236,23,37,41.56999969,2,8,0,-1,1,0,1,1,25,0,0,0,1015,0,0,0,0,0,1,1,0,0,0,30.480196,0,0,0,0,3,1,1,1,100,0,0,0,0,0,0,0,0,0,0,0,0,0,0,0,0,0,0,0,0,0,0,0,0,0,0,0,0,0,0,0,0,0,0,0,0,0,0,0,0,0,0,0,0,0,0,0,0,0,0,0,0,0,0,0,0,0,0,0
1989,236,23,39,17.57099915,2,8,0,-1,1,0,1,1,25,0,0,0,1015,0,0,0,0,0,1,1,0,0,0,30.31532478,0,0,0,0,3,1,1,1,100,0,0,0,0,0,0,0,0,0,0,0,0,0,0,0,0,0,0,0,0,0,0,0,0,0,0,0,0,0,0,0,0,0,0,0,0,0,0,0,0,0,0,0,0,0,0,0,0,0,0,0,0,0,0,0,0,0,0,0
1989,236,23,44,53.57099915,2,8,0,-1,1,0,1,1,25,0,0,0,1015,0,0,0,0,0,1,1,0,0,0,29.73771667,0,0,0,0,3,1,1,1,100,0,0,0,0,0,0,0,0,0,0,0,0,0,0,0,0,0,0,0,0,0,0,0,0,0,0,0,0,0,0,0,0,0,0,0,0,0,0,0,0,0,0,0,0,0,0,0,0,0,0,0,0,0,0,0,0,0,0,0
1989,236,23,46,29.57099915,2,8,0,-1,1,0,1,1,25,0,0,0,1015,0,0,0,0,0,1,1,0,0,0,29.57252312,0,0,0,0,3,1,1,1,100,0,0,0,0,0,0,0,0,0,0,0,0,0,0,0,0,0,0,0,0,0,0,0,0,0,0,0,0,0,0,0,0,0,0,0,0,0,0,0,0,0,0,0,0,0,0,0,0,0,0,0,0,0,0,0,0,0,0,0
1989,236,23,48,5.571000099,2,8,0,-1,1,0,1,1,25,0,0,0,1015,0,0,0,0,0,1,1,0,0,0,29.40725136,0,0,0,0,3,1,1,1,100,0,0,0,0,0,0,0,0,0,0,0,0,0,0,0,0,0,0,0,0,0,0,0,0,0,0,0,0,0,0,0,0,0,0,0,0,0,0,0,0,0,0,0,0,0,0,0,0,0,0,0,0,0,0,0,0,0,0,0
1989,236,23,49,41.56900024,2,8,0,-1,1,0,1,1,25,0,0,0,1015,0,0,0,0,0,1,1,0,0,0,29.24191093,0,0,0,0,3,1,1,1,100,0,0,0,0,0,0,0,0,0,0,0,0,0,0,0,0,0,0,0,0,0,0,0,0,0,0,0,0,0,0,0,0,0,0,0,0,0,0,0,0,0,0,0,0,0,0,0,0,0,0,0,0,0,0,0,0,0,0,0
1989,236,23,51,17.56999969,2,8,0,-1,1,0,1,1,25,0,0,0,1015,0,0,0,0,0,1,1,0,0,0,29.07648659,0,0,0,0,3,1,1,1,100,0,0,0,0,0,0,0,0,0,0,0,0,0,0,0,0,0,0,0,0,0,0,0,0,0,0,0,0,0,0,0,0,0,0,0,0,0,0,0,0,0,0,0,0,0,0,0,0,0,0,0,0,0,0,0,0,0,0,0
1989,236,23,55,17.56999969,2,8,0,-1,1,0,1,1,25,0,0,0,1015,0,0,0,0,0,1,1,0,0,0,28.66259384,0,0,0,0,3,1,1,1,100,0,0,0,0,0,0,0,0,0,0,0,0,0,0,0,0,0,0,0,0,0,0,0,0,0,0,0,0,0,0,0,0,0,0,0,0,0,0,0,0,0,0,0,0,0,0,0,0,0,0,0,0,0,0,0,0,0,0,0
1989,236,23,56,53.56999969,2,8,0,-1,1,0,1,1,25,0,0,0,1015,0,0,0,0,0,1,1,0,0,0,28.49689674,0,0,0,0,3,1,1,1,100,0,0,0,0,0,0,0,0,0,0,0,0,0,0,0,0,0,0,0,0,0,0,0,0,0,0,0,0,0,0,0,0,0,0,0,0,0,0,0,0,0,0,0,0,0,0,0,0,0,0,0,0,0,0,0,0,0,0,0
1989,236,23,58,29.56999969,2,8,0,-1,1,0,1,1,25,0,0,0,1015,0,0,0,0,0,1,1,0,0,0,28.33111954,0,0,0,0,3,1,1,1,100,0,0,0,0,0,0,0,0,0,0,0,0,0,0,0,0,0,0,0,0,0,0,0,0,0,0,0,0,0,0,0,0,0,0,0,0,0,0,0,0,0,0,0,0,0,0,0,0,0,0,0,0,0,0,0,0,0,0,0
1989,237,0,0,5.570000172,2,8,0,-1,1,0,1,1,25,0,0,0,1015,0,0,0,0,0,1,1,0,0,0,28.16526031,0,0,0,0,3,1,1,1,100,0,0,0,0,0,0,0,0,0,0,0,0,0,0,0,0,0,0,0,0,0,0,0,0,0,0,0,0,0,0,0,0,0,0,0,0,0,0,0,0,0,0,0,0,0,0,0,0,0,0,0,0,0,0,0,0,0,0,0
1989,237,0,1,41.56800079,2,8,0,-1,1,0,1,1,25,0,0,0,1015,0,0,0,0,0,1,1,0,0,0,27.99932098,0,0,0,0,3,1,1,1,100,0,0,0,0,0,0,0,0,0,0,0,0,0,0,0,0,0,0,0,0,0,0,0,0,0,0,0,0,0,0,0,0,0,0,0,0,0,0,0,0,0,0,0,0,0,0,0,0,0,0,0,0,0,0,0,0,0,0,0
1989,237,0,3,17.56800079,2,8,0,-1,1,0,1,1,25,0,0,0,1015,0,0,0,0,0,1,1,0,0,0,27.83329391,0,0,0,0,3,1,1,1,100,0,0,0,0,0,0,0,0,0,0,0,0,0,0,0,0,0,0,0,0,0,0,0,0,0,0,0,0,0,0,0,0,0,0,0,0,0,0,0,0,0,0,0,0,0,0,0,0,0,0,0,0,0,0,0,0,0,0,0
1989,237,0,7,17.56800079,2,8,0,-1,1,0,1,1,25,0,0,0,1015,0,0,0,0,0,1,1,0,0,0,27.41785622,0,0,0,0,3,1,1,1,100,0,0,0,0,0,0,0,0,0,0,0,0,0,0,0,0,0,0,0,0,0,0,0,0,0,0,0,0,0,0,0,0,0,0,0,0,0,0,0,0,0,0,0,0,0,0,0,0,0,0,0,0,0,0,0,0,0,0,0
1989,237,0,8,53.56900024,2,8,0,-1,1,0,1,1,25,0,0,0,1015,0,0,0,0,0,1,1,0,0,0,27.25152779,0,0,0,0,3,1,1,1,100,0,0,0,0,0,0,0,0,0,0,0,0,0,0,0,0,0,0,0,0,0,0,0,0,0,0,0,0,0,0,0,0,0,0,0,0,0,0,0,0,0,0,0,0,0,0,0,0,0,0,0,0,0,0,0,0,0,0,0
1989,237,0,10,29.56800079,2,8,0,-1,1,0,1,1,25,0,0,0,1015,0,0,0,0,0,1,1,0,0,0,27.08511162,0,0,0,0,3,1,1,1,100,0,0,0,0,0,0,0,0,0,0,0,0,0,0,0,0,0,0,0,0,0,0,0,0,0,0,0,0,0,0,0,0,0,0,0,0,0,0,0,0,0,0,0,0,0,0,0,0,0,0,0,0,0,0,0,0,0,0,0
1989,237,0,12,5.568999767,2,8,0,-1,1,0,1,1,25,0,0,0,1015,0,0,0,0,0,1,1,0,0,0,26.91860199,0,0,0,0,3,1,1,1,100,0,0,0,0,0,0,0,0,0,0,0,0,0,0,0,0,0,0,0,0,0,0,0,0,0,0,0,0,0,0,0,0,0,0,0,0,0,0,0,0,0,0,0,0,0,0,0,0,0,0,0,0,0,0,0,0,0,0,0
1989,237,0,13,41.56800079,2,8,0,-1,1,0,1,1,25,0,0,0,1015,0,0,0,0,0,1,1,0,0,0,26.75200462,0,0,0,0,3,1,1,1,100,0,0,0,0,0,0,0,0,0,0,0,0,0,0,0,0,0,0,0,0,0,0,0,0,0,0,0,0,0,0,0,0,0,0,0,0,0,0,0,0,0,0,0,0,0,0,0,0,0,0,0,0,0,0,0,0,0,0,0
1989,237,0,15,17.56699944,2,8,0,-1,1,0,1,1,25,0,0,0,1015,0,0,0,0,0,1,1,0,0,0,26.5853138,0,0,0,0,3,1,1,1,100,0,0,0,0,0,0,0,0,0,0,0,0,0,0,0,0,0,0,0,0,0,0,0,0,0,0,0,0,0,0,0,0,0,0,0,0,0,0,0,0,0,0,0,0,0,0,0,0,0,0,0,0,0,0,0,0,0,0,0
1989,237,0,19,17.56699944,2,8,0,-1,1,0,1,1,25,0,0,0,1015,0,0,0,0,0,1,1,0,0,0,26.16817093,0,0,0,0,3,1,1,1,100,0,0,0,0,0,0,0,0,0,0,0,0,0,0,0,0,0,0,0,0,0,0,0,0,0,0,0,0,0,0,0,0,0,0,0,0,0,0,0,0,0,0,0,0,0,0,0,0,0,0,0,0,0,0,0,0,0,0,0
1989,237,0,20,53.56700134,2,8,0,-1,1,0,1,1,25,0,0,0,1015,0,0,0,0,0,1,1,0,0,0,26.00114441,0,0,0,0,3,1,1,1,100,0,0,0,0,0,0,0,0,0,0,0,0,0,0,0,0,0,0,0,0,0,0,0,0,0,0,0,0,0,0,0,0,0,0,0,0,0,0,0,0,0,0,0,0,0,0,0,0,0,0,0,0,0,0,0,0,0,0,0
1989,237,0,22,29.56699944,2,8,0,-1,1,0,1,1,25,0,0,0,1015,0,0,0,0,0,1,1,0,0,0,25.83402061,0,0,0,0,3,1,1,1,100,0,0,0,0,0,0,0,0,0,0,0,0,0,0,0,0,0,0,0,0,0,0,0,0,0,0,0,0,0,0,0,0,0,0,0,0,0,0,0,0,0,0,0,0,0,0,0,0,0,0,0,0,0,0,0,0,0,0,0
1989,237,0,24,5.56799984,2,8,0,-1,1,0,1,1,25,0,0,0,1015,0,0,0,0,0,1,1,0,0,0,25.66679573,0,0,0,0,3,1,1,1,100,0,0,0,0,0,0,0,0,0,0,0,0,0,0,0,0,0,0,0,0,0,0,0,0,0,0,0,0,0,0,0,0,0,0,0,0,0,0,0,0,0,0,0,0,0,0,0,0,0,0,0,0,0,0,0,0,0,0,0
1989,237,0,27,17.56699944,2,8,0,-1,1,0,1,1,25,0,0,0,1015,0,0,0,0,0,1,1,0,0,0,25.33204269,0,0,0,0,3,1,1,1,100,0,0,0,0,0,0,0,0,0,0,0,0,0,0,0,0,0,0,0,0,0,0,0,0,0,0,0,0,0,0,0,0,0,0,0,0,0,0,0,0,0,0,0,0,0,0,0,0,0,0,0,0,0,0,0,0,0,0,0
1989,237,0,31,17.56699944,2,8,0,-1,1,0,1,1,25,0,0,0,1015,0,0,0,0,0,1,1,0,0,0,24.91301155,0,0,0,0,3,1,1,1,100,0,0,0,0,0,0,0,0,0,0,0,0,0,0,0,0,0,0,0,0,0,0,0,0,0,0,0,0,0,0,0,0,0,0,0,0,0,0,0,0,0,0,0,0,0,0,0,0,0,0,0,0,0,0,0,0,0,0,0
1989,237,0,32,53.56700134,2,8,0,-1,1,0,1,1,25,0,0,0,1015,0,0,0,0,0,1,1,0,0,0,24.74521255,0,0,0,0,3,1,1,1,100,0,0,0,0,0,0,0,0,0,0,0,0,0,0,0,0,0,0,0,0,0,0,0,0,0,0,0,0,0,0,0,0,0,0,0,0,0,0,0,0,0,0,0,0,0,0,0,0,0,0,0,0,0,0,0,0,0,0,0
1989,237,0,34,29.56599998,2,8,0,-1,1,0,1,1,25,0,0,0,1015,0,0,0,0,0,1,1,0,0,0,24.57730293,0,0,0,0,3,1,1,1,100,0,0,0,0,0,0,0,0,0,0,0,0,0,0,0,0,0,0,0,0,0,0,0,0,0,0,0,0,0,0,0,0,0,0,0,0,0,0,0,0,0,0,0,0,0,0,0,0,0,0,0,0,0,0,0,0,0,0,0
1989,237,0,43,17.56599998,2,8,0,-1,1,0,1,1,25,0,0,0,1015,0,0,0,0,0,1,1,0,0,0,23.65176392,0,0,0,0,3,1,1,1,100,0,0,0,0,0,0,0,0,0,0,0,0,0,0,0,0,0,0,0,0,0,0,0,0,0,0,0,0,0,0,0,0,0,0,0,0,0,0,0,0,0,0,0,0,0,0,0,0,0,0,0,0,0,0,0,0,0,0,0
1989,237,0,44,53.56600189,2,8,0,-1,1,0,1,1,25,0,0,0,1015,0,0,0,0,0,1,1,0,0,0,23.48309898,0,0,0,0,3,1,1,1,100,0,0,0,0,0,0,0,0,0,0,0,0,0,0,0,0,0,0,0,0,0,0,0,0,0,0,0,0,0,0,0,0,0,0,0,0,0,0,0,0,0,0,0,0,0,0,0,0,0,0,0,0,0,0,0,0,0,0,0
1989,237,0,46,29.56599998,2,8,0,-1,1,0,1,1,25,0,0,0,1015,0,0,0,0,0,1,1,0,0,0,23.31431198,0,0,0,0,3,1,1,1,100,0,0,0,0,0,0,0,0,0,0,0,0,0,0,0,0,0,0,0,0,0,0,0,0,0,0,0,0,0,0,0,0,0,0,0,0,0,0,0,0,0,0,0,0,0,0,0,0,0,0,0,0,0,0,0,0,0,0,0
1989,237,0,48,5.565999985,2,8,0,-1,1,0,1,1,25,0,0,0,1015,0,0,0,0,0,1,1,0,0,0,23.14539909,0,0,0,0,3,1,1,1,100,0,0,0,0,0,0,0,0,0,0,0,0,0,0,0,0,0,0,0,0,0,0,0,0,0,0,0,0,0,0,0,0,0,0,0,0,0,0,0,0,0,0,0,0,0,0,0,0,0,0,0,0,0,0,0,0,0,0,0
1989,237,0,49,41.56499863,2,8,0,-1,1,0,1,1,25,0,0,0,1015,0,0,0,0,0,1,1,0,0,0,22.97636223,0,0,0,0,3,1,1,1,100,0,0,0,0,0,0,0,0,0,0,0,0,0,0,0,0,0,0,0,0,0,0,0,0,0,0,0,0,0,0,0,0,0,0,0,0,0,0,0,0,0,0,0,0,0,0,0,0,0,0,0,0,0,0,0,0,0,0,0
1989,237,0,51,17.56599998,2,8,0,-1,1,0,1,1,25,0,0,0,1015,0,0,0,0,0,1,1,0,0,0,22.80719185,0,0,0,0,3,1,1,1,100,0,0,0,0,0,0,0,0,0,0,0,0,0,0,0,0,0,0,0,0,0,0,0,0,0,0,0,0,0,0,0,0,0,0,0,0,0,0,0,0,0,0,0,0,0,0,0,0,0,0,0,0,0,0,0,0,0,0,0
1989,237,0,56,53.56499863,2,8,0,-1,1,0,1,1,25,0,0,0,1015,0,0,0,0,0,1,1,0,0,0,22.21405983,0,0,0,0,3,1,1,1,100,0,0,0,0,0,0,0,0,0,0,0,0,0,0,0,0,0,0,0,0,0,0,0,0,0,0,0,0,0,0,0,0,0,0,0,0,0,0,0,0,0,0,0,0,0,0,0,0,0,0,0,0,0,0,0,0,0,0,0
1989,237,0,58,29.56399918,2,8,0,-1,1,0,1,1,25,0,0,0,1015,0,0,0,0,0,1,1,0,0,0,22.04428673,0,0,0,0,3,1,1,1,100,0,0,0,0,0,0,0,0,0,0,0,0,0,0,0,0,0,0,0,0,0,0,0,0,0,0,0,0,0,0,0,0,0,0,0,0,0,0,0,0,0,0,0,0,0,0,0,0,0,0,0,0,0,0,0,0,0,0,0
1989,237,1,0,5.565000057,2,8,0,-1,1,0,1,1,25,0,0,0,1015,0,0,0,0,0,1,1,0,0,0,21.87437057,0,0,0,0,3,1,1,1,100,0,0,0,0,0,0,0,0,0,0,0,0,0,0,0,0,0,0,0,0,0,0,0,0,0,0,0,0,0,0,0,0,0,0,0,0,0,0,0,0,0,0,0,0,0,0,0,0,0,0,0,0,0,0,0,0,0,0,0
1989,237,1,1,41.56399918,2,8,0,-1,1,0,1,1,25,0,0,0,1015,0,0,0,0,0,1,1,0,0,0,21.70431137,0,0,0,0,3,1,1,1,100,0,0,0,0,0,0,0,0,0,0,0,0,0,0,0,0,0,0,0,0,0,0,0,0,0,0,0,0,0,0,0,0,0,0,0,0,0,0,0,0,0,0,0,0,0,0,0,0,0,0,0,0,0,0,0,0,0,0,0
1989,237,1,3,17.56500053,2,8,0,-1,1,0,1,1,25,0,0,0,1015,0,0,0,0,0,1,1,0,0,0,21.5341053,0,0,0,0,3,1,1,1,100,0,0,0,0,0,0,0,0,0,0,0,0,0,0,0,0,0,0,0,0,0,0,0,0,0,0,0,0,0,0,0,0,0,0,0,0,0,0,0,0,0,0,0,0,0,0,0,0,0,0,0,0,0,0,0,0,0,0,0
1989,237,1,10,29.56299973,2,8,0,-1,1,0,1,1,25,0,0,0,1015,0,0,0,0,0,1,1,0,0,0,20.76631165,0,0,0,0,3,1,1,1,100,0,0,0,0,0,0,0,0,0,0,0,0,0,0,0,0,0,0,0,0,0,0,0,0,0,0,0,0,0,0,0,0,0,0,0,0,0,0,0,0,0,0,0,0,0,0,0,0,0,0,0,0,0,0,0,0,0,0,0
1989,237,1,12,5.56400013,2,8,0,-1,1,0,1,1,25,0,0,0,1015,0,0,0,0,0,1,1,0,0,0,20.59525681,0,0,0,0,3,1,1,1,100,0,0,0,0,0,0,0,0,0,0,0,0,0,0,0,0,0,0,0,0,0,0,0,0,0,0,0,0,0,0,0,0,0,0,0,0,0,0,0,0,0,0,0,0,0,0,0,0,0,0,0,0,0,0,0,0,0,0,0
1989,237,1,15,17.56399918,2,8,0,-1,1,0,1,1,25,0,0,0,1015,0,0,0,0,0,1,1,0,0,0,20.25265312,0,0,0,0,3,1,1,1,100,0,0,0,0,0,0,0,0,0,0,0,0,0,0,0,0,0,0,0,0,0,0,0,0,0,0,0,0,0,0,0,0,0,0,0,0,0,0,0,0,0,0,0,0,0,0,0,0,0,0,0,0,0,0,0,0,0,0,0
1989,237,1,19,17.56299973,2,8,0,-1,1,0,1,1,25,0,0,0,1015,0,0,0,0,0,1,1,0,0,0,19.82344437,0,0,0,0,3,1,1,1,100,0,0,0,0,0,0,0,0,0,0,0,0,0,0,0,0,0,0,0,0,0,0,0,0,0,0,0,0,0,0,0,0,0,0,0,0,0,0,0,0,0,0,0,0,0,0,0,0,0,0,0,0,0,0,0,0,0,0,0
1989,237,1,22,29.56299973,2,8,0,-1,1,0,1,1,25,0,0,0,1015,0,0,0,0,0,1,1,0,0,0,19.47927856,0,0,0,0,3,1,1,1,100,0,0,0,0,0,0,0,0,0,0,0,0,0,0,0,0,0,0,0,0,0,0,0,0,0,0,0,0,0,0,0,0,0,0,0,0,0,0,0,0,0,0,0,0,0,0,0,0,0,0,0,0,0,0,0,0,0,0,0
1989,237,1,25,41.56299973,2,8,0,-1,1,0,1,1,25,0,0,0,1015,0,0,0,0,0,1,1,0,0,0,19.13437462,0,0,0,0,3,1,1,1,100,0,0,0,0,0,0,0,0,0,0,0,0,0,0,0,0,0,0,0,0,0,0,0,0,0,0,0,0,0,0,0,0,0,0,0,0,0,0,0,0,0,0,0,0,0,0,0,0,0,0,0,0,0,0,0,0,0,0,0
1989,237,1,27,17.56299973,2,8,0,-1,1,0,1,1,25,0,0,0,1015,0,0,0,0,0,1,1,0,0,0,18.96163559,0,0,0,0,3,1,1,1,100,0,0,0,0,0,0,0,0,0,0,0,0,0,0,0,0,0,0,0,0,0,0,0,0,0,0,0,0,0,0,0,0,0,0,0,0,0,0,0,0,0,0,0,0,0,0,0,0,0,0,0,0,0,0,0,0,0,0,0
1989,237,1,31,17.56299973,2,8,0,-1,1,0,1,1,25,0,0,0,1015,0,0,0,0,0,1,1,0,0,0,18.52892494,0,0,0,0,3,1,1,1,100,0,0,0,0,0,0,0,0,0,0,0,0,0,0,0,0,0,0,0,0,0,0,0,0,0,0,0,0,0,0,0,0,0,0,0,0,0,0,0,0,0,0,0,0,0,0,0,0,0,0,0,0,0,0,0,0,0,0,0
1989,237,1,32,53.56200027,2,8,0,-1,1,0,1,1,25,0,0,0,1015,0,0,0,0,0,1,1,0,0,0,18.35548592,0,0,0,0,3,1,1,1,100,0,0,0,0,0,0,0,0,0,0,0,0,0,0,0,0,0,0,0,0,0,0,0,0,0,0,0,0,0,0,0,0,0,0,0,0,0,0,0,0,0,0,0,0,0,0,0,0,0,0,0,0,0,0,0,0,0,0,0
1989,237,1,34,29.56200027,2,8,0,-1,1,0,1,1,25,0,0,0,1015,0,0,0,0,0,1,1,0,0,0,18.18183517,0,0,0,0,3,1,1,1,100,0,0,0,0,0,0,0,0,0,0,0,0,0,0,0,0,0,0,0,0,0,0,0,0,0,0,0,0,0,0,0,0,0,0,0,0,0,0,0,0,0,0,0,0,0,0,0,0,0,0,0,0,0,0,0,0,0,0,0
1989,237,1,36,5.561999798,2,8,0,-1,1,0,1,1,25,0,0,0,1015,0,0,0,0,0,1,1,0,0,0,18.007967,0,0,0,0,3,1,1,1,100,0,0,0,0,0,0,0,0,0,0,0,0,0,0,0,0,0,0,0,0,0,0,0,0,0,0,0,0,0,0,0,0,0,0,0,0,0,0,0,0,0,0,0,0,0,0,0,0,0,0,0,0,0,0,0,0,0,0,0
1989,237,1,37,41.56200027,2,8,0,-1,1,0,1,1,25,0,0,0,1015,0,0,0,0,0,1,1,0,0,0,17.83388138,0,0,0,0,3,1,1,1,100,0,0,0,0,0,0,0,0,0,0,0,0,0,0,0,0,0,0,0,0,0,0,0,0,0,0,0,0,0,0,0,0,0,0,0,0,0,0,0,0,0,0,0,0,0,0,0,0,0,0,0,0,0,0,0,0,0,0,0
1989,237,1,39,17.56200027,2,8,0,-1,1,0,1,1,25,0,0,0,1015,0,0,0,0,0,1,1,0,0,0,17.65957451,0,0,0,0,3,1,1,1,100,0,0,0,0,0,0,0,0,0,0,0,0,0,0,0,0,0,0,0,0,0,0,0,0,0,0,0,0,0,0,0,0,0,0,0,0,0,0,0,0,0,0,0,0,0,0,0,0,0,0,0,0,0,0,0,0,0,0,0
1989,237,1,43,17.56200027,2,8,0,-1,1,0,1,1,25,0,0,0,1015,0,0,0,0,0,1,1,0,0,0,17.22278976,0,0,0,0,3,1,1,1,100,0,0,0,0,0,0,0,0,0,0,0,0,0,0,0,0,0,0,0,0,0,0,0,0,0,0,0,0,0,0,0,0,0,0,0,0,0,0,0,0,0,0,0,0,0,0,0,0,0,0,0,0,0,0,0,0,0,0,0
1989,237,1,44,53.56200027,2,8,0,-1,1,0,1,1,25,0,0,0,1015,0,0,0,0,0,1,1,0,0,0,17.04765892,0,0,0,0,3,1,1,1,100,0,0,0,0,0,0,0,0,0,0,0,0,0,0,0,0,0,0,0,0,0,0,0,0,0,0,0,0,0,0,0,0,0,0,0,0,0,0,0,0,0,0,0,0,0,0,0,0,0,0,0,0,0,0,0,0,0,0,0
1989,237,1,46,29.55999947,2,8,0,-1,1,0,1,1,25,0,0,0,1015,0,0,0,0,0,1,1,0,0,0,16.87228203,0,0,0,0,3,1,1,1,100,0,0,0,0,0,0,0,0,0,0,0,0,0,0,0,0,0,0,0,0,0,0,0,0,0,0,0,0,0,0,0,0,0,0,0,0,0,0,0,0,0,0,0,0,0,0,0,0,0,0,0,0,0,0,0,0,0,0,0
1989,237,1,48,5.56099987,2,8,0,-1,1,0,1,1,25,0,0,0,1015,0,0,0,0,0,1,1,0,0,0,16.69664955,0,0,0,0,3,1,1,1,100,0,0,0,0,0,0,0,0,0,0,0,0,0,0,0,0,0,0,0,0,0,0,0,0,0,0,0,0,0,0,0,0,0,0,0,0,0,0,0,0,0,0,0,0,0,0,0,0,0,0,0,0,0,0,0,0,0,0,0
1989,237,1,51,17.55999947,2,8,0,-1,1,0,1,1,25,0,0,0,1015,0,0,0,0,0,1,1,0,0,0,16.34460831,0,0,0,0,3,1,1,1,100,0,0,0,0,0,0,0,0,0,0,0,0,0,0,0,0,0,0,0,0,0,0,0,0,0,0,0,0,0,0,0,0,0,0,0,0,0,0,0,0,0,0,0,0,0,0,0,0,0,0,0,0,0,0,0,0,0,0,0
1989,237,1,55,17.55999947,2,8,0,-1,1,0,1,1,25,0,0,0,1015,0,0,0,0,0,1,1,0,0,0,15.90302753,0,0,0,0,3,1,1,1,100,0,0,0,0,0,0,0,0,0,0,0,0,0,0,0,0,0,0,0,0,0,0,0,0,0,0,0,0,0,0,0,0,0,0,0,0,0,0,0,0,0,0,0,0,0,0,0,0,0,0,0,0,0,0,0,0,0,0,0
1989,237,1,56,53.56100082,2,8,0,-1,1,0,1,1,25,0,0,0,1015,0,0,0,0,0,1,1,0,0,0,15.72589779,0,0,0,0,3,1,1,1,100,0,0,0,0,0,0,0,0,0,0,0,0,0,0,0,0,0,0,0,0,0,0,0,0,0,0,0,0,0,0,0,0,0,0,0,0,0,0,0,0,0,0,0,0,0,0,0,0,0,0,0,0,0,0,0,0,0,0,0
1989,237,1,58,29.55900002,2,8,0,-1,1,0,1,1,25,0,0,0,1015,0,0,0,0,0,1,1,0,0,0,15.54847717,0,0,0,0,3,1,1,1,100,0,0,0,0,0,0,0,0,0,0,0,0,0,0,0,0,0,0,0,0,0,0,0,0,0,0,0,0,0,0,0,0,0,0,0,0,0,0,0,0,0,0,0,0,0,0,0,0,0,0,0,0,0,0,0,0,0,0,0
1989,237,2,0,5.559999943,2,8,0,-1,1,0,1,1,25,0,0,0,1015,0,0,0,0,0,1,1,0,0,0,15.37075138,0,0,0,0,3,1,1,1,100,0,0,0,0,0,0,0,0,0,0,0,0,0,0,0,0,0,0,0,0,0,0,0,0,0,0,0,0,0,0,0,0,0,0,0,0,0,0,0,0,0,0,0,0,0,0,0,0,0,0,0,0,0,0,0,0,0,0,0
1989,237,2,3,17.55900002,2,8,0,-1,1,0,1,1,25,0,0,0,1015,0,0,0,0,0,1,1,0,0,0,15.01436806,0,0,0,0,3,1,1,1,100,0,0,0,0,0,0,0,0,0,0,0,0,0,0,0,0,0,0,0,0,0,0,0,0,0,0,0,0,0,0,0,0,0,0,0,0,0,0,0,0,0,0,0,0,0,0,0,0,0,0,0,0,0,0,0,0,0,0,0
1989,237,2,8,53.56000137,2,8,0,-1,1,0,1,1,25,0,0,0,1015,0,0,0,0,0,1,1,0,0,0,14.3875227,0,0,0,0,3,1,1,1,100,0,0,0,0,0,0,0,0,0,0,0,0,0,0,0,0,0,0,0,0,0,0,0,0,0,0,0,0,0,0,0,0,0,0,0,0,0,0,0,0,0,0,0,0,0,0,0,0,0,0,0,0,0,0,0,0,0,0,0
1989,237,2,10,29.55900002,2,8,0,-1,1,0,1,1,25,0,0,0,1015,0,0,0,0,0,1,1,0,0,0,14.20764065,0,0,0,0,3,1,1,1,100,0,0,0,0,0,0,0,0,0,0,0,0,0,0,0,0,0,0,0,0,0,0,0,0,0,0,0,0,0,0,0,0,0,0,0,0,0,0,0,0,0,0,0,0,0,0,0,0,0,0,0,0,0,0,0,0,0,0,0
1989,237,2,12,5.559000015,2,8,0,-1,1,0,1,1,25,0,0,0,1015,0,0,0,0,0,1,1,0,0,0,14.02739239,0,0,0,0,3,1,1,1,100,0,0,0,0,0,0,0,0,0,0,0,0,0,0,0,0,0,0,0,0,0,0,0,0,0,0,0,0,0,0,0,0,0,0,0,0,0,0,0,0,0,0,0,0,0,0,0,0,0,0,0,0,0,0,0,0,0,0,0
1989,237,3,1,41.55400085,2,8,0,-1,1,0,1,1,25,0,0,0,1015,0,0,0,0,0,1,1,0,0,0,8.176510811,0,0,0,0,3,1,1,1,100,0,0,0,0,0,0,0,0,0,0,0,0,0,0,0,0,0,0,0,0,0,0,0,0,0,0,0,0,0,0,0,0,0,0,0,0,0,0,0,0,0,0,0,0,0,0,0,0,0,0,0,0,0,0,0,0,0,0,0
1989,237,3,3,17.55500031,2,8,0,-1,1,0,1,1,25,0,0,0,1015,0,0,0,0,0,1,1,0,0,0,7.975223064,0,0,0,0,3,1,1,1,100,0,0,0,0,0,0,0,0,0,0,0,0,0,0,0,0,0,0,0,0,0,0,0,0,0,0,0,0,0,0,0,0,0,0,0,0,0,0,0,0,0,0,0,0,0,0,0,0,0,0,0,0,0,0,0,0,0,0,0
1989,237,3,22,29.5529995,2,8,0,-1,1,0,1,1,25,0,0,0,1015,0,0,0,0,0,1,1,0,0,0,5.449166298,0,0,0,0,3,1,1,1,100,0,0,0,0,0,0,0,0,0,0,0,0,0,0,0,0,0,0,0,0,0,0,0,0,0,0,0,0,0,0,0,0,0,0,0,0,0,0,0,0,0,0,0,0,0,0,0,0,0,0,0,0,0,0,0,0,0,0,0
1989,237,3,24,5.553999901,2,8,0,-1,1,0,1,1,25,0,0,0,1015,0,0,0,0,0,1,1,0,0,0,5.227083206,0,0,0,0,3,1,1,1,100,0,0,0,0,0,0,0,0,0,0,0,0,0,0,0,0,0,0,0,0,0,0,0,0,0,0,0,0,0,0,0,0,0,0,0,0,0,0,0,0,0,0,0,0,0,0,0,0,0,0,0,0,0,0,0,0,0,0,0
1989,237,4,10,29.54899979,2,8,0,-1,1,0,1,1,25,0,0,0,1028,0,0,0,0,0,1,1,0,0,0,2.499068022,0,0,0,0,3,1,1,1,100,0,0,0,0,0,0,0,0,0,0,0,0,0,0,0,0,0,0,0,0,0,0,0,0,0,0,0,0,0,0,0,0,0,0,0,0,0,0,0,0,0,0,0,0,0,0,0,0,0,0,0,0,0,0,0,0,0,0,0
1989,237,4,12,5.550000191,2,8,0,-1,1,0,1,1,25,0,0,0,1028,0,0,0,0,0,1,1,0,0,0,2.751347303,0,0,0,0,3,1,1,1,100,0,0,0,0,0,0,0,0,0,0,0,0,0,0,0,0,0,0,0,0,0,0,0,0,0,0,0,0,0,0,0,0,0,0,0,0,0,0,0,0,0,0,0,0,0,0,0,0,0,0,0,0,0,0,0,0,0,0,0
1989,237,4,13,41.54899979,2,8,0,-1,1,0,1,1,25,0,0,0,1028,0,0,0,0,0,1,1,0,0,0,3.001909733,0,0,0,0,3,1,1,1,100,0,0,0,0,0,0,0,0,0,0,0,0,0,0,0,0,0,0,0,0,0,0,0,0,0,0,0,0,0,0,0,0,0,0,0,0,0,0,0,0,0,0,0,0,0,0,0,0,0,0,0,0,0,0,0,0,0,0,0
1989,237,4,15,17.54999924,2,8,0,-1,1,0,1,1,25,0,0,0,1028,0,0,0,0,0,1,1,0,0,0,3.250407934,0,0,0,0,3,1,1,1,100,0,0,0,0,0,0,0,0,0,0,0,0,0,0,0,0,0,0,0,0,0,0,0,0,0,0,0,0,0,0,0,0,0,0,0,0,0,0,0,0,0,0,0,0,0,0,0,0,0,0,0,0,0,0,0,0,0,0,0
1989,237,4,19,17.54899979,2,8,0,-1,1,0,1,1,25,0,0,0,1025,0,0,0,0,0,1,1,0,0,0,3.861512899,0,0,0,0,3,1,1,1,63.5,0,0,0,3,1,1,1,150.5,0,0,0,0,0,0,0,0,0,0,0,0,0,0,0,0,0,0,0,0,0,0,0,0,0,0,0,0,0,0,0,0,0,0,0,0,0,0,0,0,0,0,0,0,0,0,0,0,0,0,0
1989,237,4,20,53.54899979,2,8,0,-1,1,0,1,1,25,0,0,0,1015,0,0,0,0,0,1,1,0,0,0,4.10175705,0,0,0,0,3,1,1,1,63.5,0,0,0,0,0,0,0,0,0,0,0,0,0,0,0,0,0,0,0,0,0,0,0,0,0,0,0,0,0,0,0,0,0,0,0,0,0,0,0,0,0,0,0,0,0,0,0,0,0,0,0,0,0,0,0,0,0,0,0
1989,237,4,22,29.54899979,2,8,0,-1,1,0,1,1,25,0,0,0,1015,0,0,0,0,0,1,1,0,0,0,4.339622974,0,0,0,0,3,1,1,1,63.5,0,0,0,0,0,0,0,0,0,0,0,0,0,0,0,0,0,0,0,0,0,0,0,0,0,0,0,0,0,0,0,0,0,0,0,0,0,0,0,0,0,0,0,0,0,0,0,0,0,0,0,0,0,0,0,0,0,0,0
1989,237,4,24,5.548999786,2,8,0,-1,1,0,1,1,25,0,0,0,1025,0,0,0,0,0,1,1,0,0,0,4.575162888,0,0,0,0,3,1,1,1,63.5,0,0,0,3,1,1,1,150.5,0,0,0,0,0,0,0,0,0,0,0,0,0,0,0,0,0,0,0,0,0,0,0,0,0,0,0,0,0,0,0,0,0,0,0,0,0,0,0,0,0,0,0,0,0,0,0,0,0,0,0
1989,237,4,25,41.54899979,2,8,0,-1,1,0,1,1,25,0,0,0,1025,0,0,0,0,0,1,1,0,0,0,4.8084445,0,0,0,0,3,1,1,1,63.5,0,0,0,3,1,1,1,150.5,0,0,0,0,0,0,0,0,0,0,0,0,0,0,0,0,0,0,0,0,0,0,0,0,0,0,0,0,0,0,0,0,0,0,0,0,0,0,0,0,0,0,0,0,0,0,0,0,0,0,0
1989,237,4,32,53.54800034,2,8,0,-1,1,0,1,1,25,0,0,0,1028,0,0,0,0,0,1,1,0,0,0,5.832457066,0,0,0,0,3,1,1,1,100,0,0,0,0,0,0,0,0,0,0,0,0,0,0,0,0,0,0,0,0,0,0,0,0,0,0,0,0,0,0,0,0,0,0,0,0,0,0,0,0,0,0,0,0,0,0,0,0,0,0,0,0,0,0,0,0,0,0,0
1989,237,4,34,29.54800034,2,8,0,-1,1,0,1,1,25,0,0,0,1028,0,0,0,0,0,1,1,0,0,0,6.05480051,0,0,0,0,3,1,1,1,100,0,0,0,0,0,0,0,0,0,0,0,0,0,0,0,0,0,0,0,0,0,0,0,0,0,0,0,0,0,0,0,0,0,0,0,0,0,0,0,0,0,0,0,0,0,0,0,0,0,0,0,0,0,0,0,0,0,0,0
1989,237,4,36,5.547999859,2,8,0,-1,1,0,1,1,25,0,0,0,1028,0,0,0,0,0,1,1,0,0,0,6.275430202,0,0,0,0,3,1,1,1,100,0,0,0,0,0,0,0,0,0,0,0,0,0,0,0,0,0,0,0,0,0,0,0,0,0,0,0,0,0,0,0,0,0,0,0,0,0,0,0,0,0,0,0,0,0,0,0,0,0,0,0,0,0,0,0,0,0,0,0
1989,237,4,39,17.54800034,2,8,0,-1,1,0,1,1,25,0,0,0,1025,0,0,0,0,0,1,1,0,0,0,6.711850166,0,0,0,0,3,1,1,1,7.5,0,0,0,3,1,1,1,50.5,0,0,0,3,1,1,1,750.5,0,0,0,0,0,0,0,0,0,0,0,0,0,0,0,0,0,0,0,0,0,0,0,0,0,0,0,0,0,0,0,0,0,0,0,0,0,0,0,0,0,0,0
1989,237,4,43,17.54800034,2,8,0,-1,1,0,1,1,25,0,0,0,1025,0,0,0,0,0,1,1,0,0,0,7.249044418,0,0,0,0,3,1,1,1,7.5,0,0,0,3,1,1,1,50.5,0,0,0,3,1,1,1,750.5,0,0,0,0,0,0,0,0,0,0,0,0,0,0,0,0,0,0,0,0,0,0,0,0,0,0,0,0,0,0,0,0,0,0,0,0,0,0,0,0,0,0,0
1989,237,4,44,53.54700089,2,8,0,-1,1,0,1,1,25,0,0,0,1025,0,0,0,0,0,1,1,0,0,0,7.461539745,0,0,0,0,3,1,1,1,7.5,0,0,0,3,1,1,1,50.5,0,0,0,3,1,1,1,750.5,0,0,0,0,0,0,0,0,0,0,0,0,0,0,0,0,0,0,0,0,0,0,0,0,0,0,0,0,0,0,0,0,0,0,0,0,0,0,0,0,0,0,0
1989,237,4,46,29.54700089,2,8,0,-1,1,0,1,1,25,0,0,0,1028,0,0,0,0,0,1,1,0,0,0,7.672766685,0,0,0,0,3,1,1,1,7.5,0,0,0,3,1,1,1,50.5,0,0,0,3,1,1,1,750.5,0,0,0,0,0,0,0,0,0,0,0,0,0,0,0,0,0,0,0,0,0,0,0,0,0,0,0,0,0,0,0,0,0,0,0,0,0,0,0,0,0,0,0
1989,237,4,48,5.546999931,2,8,0,-1,1,0,1,1,25,0,0,0,1028,0,0,0,0,0,1,1,0,0,0,7.882781982,0,0,0,0,3,1,1,1,7.5,0,0,0,3,1,1,1,50.5,0,0,0,3,1,1,1,750.5,0,0,0,0,0,0,0,0,0,0,0,0,0,0,0,0,0,0,0,0,0,0,0,0,0,0,0,0,0,0,0,0,0,0,0,0,0,0,0,0,0,0,0
1989,237,4,51,17.54700089,2,8,0,-1,1,0,1,1,25,0,0,0,1028,0,0,0,0,0,1,1,0,0,0,8.299376488,0,0,0,0,3,1,1,1,7.5,0,0,0,3,1,1,1,50.5,0,0,0,3,1,1,1,750.5,0,0,0,0,0,0,0,0,0,0,0,0,0,0,0,0,0,0,0,0,0,0,0,0,0,0,0,0,0,0,0,0,0,0,0,0,0,0,0,0,0,0,0
1989,237,4,56,53.54700089,2,8,0,-1,1,0,1,1,25,0,0,0,1028,0,0,0,0,0,1,1,0,0,0,9.018379211,0,0,0,0,3,1,1,1,7.5,0,0,0,3,1,1,1,50.5,0,0,0,3,1,1,1,750.5,0,0,0,0,0,0,0,0,0,0,0,0,0,0,0,0,0,0,0,0,0,0,0,0,0,0,0,0,0,0,0,0,0,0,0,0,0,0,0,0,0,0,0
1989,237,4,58,29.54700089,2,8,0,-1,1,0,1,1,25,0,0,0,1028,0,0,0,0,0,1,1,0,0,0,9.221664429,0,0,0,0,3,1,1,1,7.5,0,0,0,3,1,1,1,50.5,0,0,0,3,1,1,1,750.5,0,0,0,0,0,0,0,0,0,0,0,0,0,0,0,0,0,0,0,0,0,0,0,0,0,0,0,0,0,0,0,0,0,0,0,0,0,0,0,0,0,0,0
1989,237,5,0,5.546000004,2,8,0,-1,1,0,1,1,25,0,0,0,1028,0,0,0,0,0,1,1,0,0,0,9.424066544,0,0,0,0,3,1,1,1,7.5,0,0,0,3,1,1,1,50.5,0,0,0,3,1,1,1,750.5,0,0,0,0,0,0,0,0,0,0,0,0,0,0,0,0,0,0,0,0,0,0,0,0,0,0,0,0,0,0,0,0,0,0,0,0,0,0,0,0,0,0,0
1989,237,5,1,41.54600143,2,8,0,-1,1,0,1,1,25,0,0,0,1028,0,0,0,0,0,1,1,0,0,0,9.625620842,0,0,0,0,3,1,1,1,7.5,0,0,0,3,1,1,1,50.5,0,0,0,3,1,1,1,750.5,0,0,0,0,0,0,0,0,0,0,0,0,0,0,0,0,0,0,0,0,0,0,0,0,0,0,0,0,0,0,0,0,0,0,0,0,0,0,0,0,0,0,0
1989,237,5,3,17.54599953,2,8,0,-1,1,0,1,1,25,0,0,0,1028,0,0,0,0,0,1,1,0,0,0,9.826358795,0,0,0,0,3,1,1,1,7.5,0,0,0,3,1,1,1,50.5,0,0,0,3,1,1,1,750.5,0,0,0,0,0,0,0,0,0,0,0,0,0,0,0,0,0,0,0,0,0,0,0,0,0,0,0,0,0,0,0,0,0,0,0,0,0,0,0,0,0,0,0
1989,237,5,7,17.54599953,2,8,0,-1,1,0,1,1,25,0,0,0,1028,0,0,0,0,0,1,1,0,0,0,10.32483006,0,0,0,0,3,1,1,1,7.5,0,0,0,3,1,1,1,50.5,0,0,0,3,1,1,1,750.5,0,0,0,0,0,0,0,0,0,0,0,0,0,0,0,0,0,0,0,0,0,0,0,0,0,0,0,0,0,0,0,0,0,0,0,0,0,0,0,0,0,0,0
1989,237,5,8,53.54600143,2,8,0,-1,1,0,1,1,25,0,0,0,1028,0,0,0,0,0,1,1,0,0,0,10.52294254,0,0,0,0,3,1,1,1,7.5,0,0,0,3,1,1,1,50.5,0,0,0,3,1,1,1,750.5,0,0,0,0,0,0,0,0,0,0,0,0,0,0,0,0,0,0,0,0,0,0,0,0,0,0,0,0,0,0,0,0,0,0,0,0,0,0,0,0,0,0,0
1989,237,5,10,29.54599953,2,8,0,-1,1,0,1,1,25,0,0,0,1028,0,0,0,0,0,1,1,0,0,0,10.72036457,0,0,0,0,3,1,1,1,7.5,0,0,0,3,1,1,1,50.5,0,0,0,3,1,1,1,750.5,0,0,0,0,0,0,0,0,0,0,0,0,0,0,0,0,0,0,0,0,0,0,0,0,0,0,0,0,0,0,0,0,0,0,0,0,0,0,0,0,0,0,0
1989,237,5,12,5.544000149,2,8,0,-1,1,0,1,1,25,0,0,0,1028,0,0,0,0,0,1,1,0,0,0,10.91711712,0,0,0,0,3,1,1,1,7.5,0,0,0,3,1,1,1,50.5,0,0,0,3,1,1,1,750.5,0,0,0,0,0,0,0,0,0,0,0,0,0,0,0,0,0,0,0,0,0,0,0,0,0,0,0,0,0,0,0,0,0,0,0,0,0,0,0,0,0,0,0
1989,237,5,13,41.54499817,2,8,0,-1,1,0,1,1,25,0,0,0,1028,0,0,0,0,0,1,1,0,0,0,11.11323261,0,0,0,0,3,1,1,1,7.5,0,0,0,3,1,1,1,50.5,0,0,0,3,1,1,1,750.5,0,0,0,0,0,0,0,0,0,0,0,0,0,0,0,0,0,0,0,0,0,0,0,0,0,0,0,0,0,0,0,0,0,0,0,0,0,0,0,0,0,0,0
1989,237,5,15,17.54500008,2,8,0,-1,1,0,1,1,25,0,0,0,1028,0,0,0,0,0,1,1,0,0,0,11.30872536,0,0,0,0,3,1,1,1,7.5,0,0,0,3,1,1,1,50.5,0,0,0,3,1,1,1,750.5,0,0,0,0,0,0,0,0,0,0,0,0,0,0,0,0,0,0,0,0,0,0,0,0,0,0,0,0,0,0,0,0,0,0,0,0,0,0,0,0,0,0,0
1989,237,5,19,17.54500008,2,8,0,-1,1,0,1,1,25,0,0,0,1028,0,0,0,0,0,1,1,0,0,0,11.79487419,0,0,0,0,3,1,1,1,7.5,0,0,0,3,1,1,1,50.5,0,0,0,3,1,1,1,750.5,0,0,0,0,0,0,0,0,0,0,0,0,0,0,0,0,0,0,0,0,0,0,0,0,0,0,0,0,0,0,0,0,0,0,0,0,0,0,0,0,0,0,0
1989,237,5,20,53.54499817,2,8,0,-1,1,0,1,1,25,0,0,0,1028,0,0,0,0,0,1,1,0,0,0,11.98835087,0,0,0,0,3,1,1,1,7.5,0,0,0,3,1,1,1,50.5,0,0,0,3,1,1,1,750.5,0,0,0,0,0,0,0,0,0,0,0,0,0,0,0,0,0,0,0,0,0,0,0,0,0,0,0,0,0,0,0,0,0,0,0,0,0,0,0,0,0,0,0
1989,237,5,22,29.54500008,2,8,0,-1,1,0,1,1,25,0,0,0,1028,0,0,0,0,0,1,1,0,0,0,12.18129253,0,0,0,0,3,1,1,1,7.5,0,0,0,3,1,1,1,50.5,0,0,0,3,1,1,1,750.5,0,0,0,0,0,0,0,0,0,0,0,0,0,0,0,0,0,0,0,0,0,0,0,0,0,0,0,0,0,0,0,0,0,0,0,0,0,0,0,0,0,0,0
1989,237,5,24,5.544000149,2,8,0,-1,1,0,1,1,25,0,0,0,1028,0,0,0,0,0,1,1,0,0,0,12.3737154,0,0,0,0,3,1,1,1,7.5,0,0,0,3,1,1,1,50.5,0,0,0,3,1,1,1,750.5,0,0,0,0,0,0,0,0,0,0,0,0,0,0,0,0,0,0,0,0,0,0,0,0,0,0,0,0,0,0,0,0,0,0,0,0,0,0,0,0,0,0,0
1989,237,5,25,41.54399872,2,8,0,-1,1,0,1,1,25,0,0,0,1028,0,0,0,0,0,1,1,0,0,0,12.56563568,0,0,0,0,3,1,1,1,7.5,0,0,0,3,1,1,1,50.5,0,0,0,3,1,1,1,750.5,0,0,0,0,0,0,0,0,0,0,0,0,0,0,0,0,0,0,0,0,0,0,0,0,0,0,0,0,0,0,0,0,0,0,0,0,0,0,0,0,0,0,0
1989,237,5,27,17.54400063,2,8,0,-1,1,0,1,1,25,0,0,0,1028,0,0,0,0,0,1,1,0,0,0,12.75706863,0,0,0,0,3,1,1,1,7.5,0,0,0,3,1,1,1,50.5,0,0,0,0,0,0,0,0,0,0,0,0,0,0,0,0,0,0,0,0,0,0,0,0,0,0,0,0,0,0,0,0,0,0,0,0,0,0,0,0,0,0,0,0,0,0,0,0,0,0,0
1989,237,5,31,17.54400063,2,8,0,-1,1,0,1,1,25,0,0,0,1028,0,0,0,0,0,1,1,0,0,0,13.23362064,0,0,0,0,3,1,1,1,7.5,0,0,0,3,1,1,1,50.5,0,0,0,3,1,1,1,750.5,0,0,0,0,0,0,0,0,0,0,0,0,0,0,0,0,0,0,0,0,0,0,0,0,0,0,0,0,0,0,0,0,0,0,0,0,0,0,0,0,0,0,0
1989,237,5,34,29.54299927,2,8,0,-1,1,0,1,1,25,0,0,0,1028,0,0,0,0,0,1,1,0,0,0,13.61287498,0,0,0,0,3,1,1,1,7.5,0,0,0,3,1,1,1,50.5,0,0,0,3,1,1,1,750.5,0,0,0,0,0,0,0,0,0,0,0,0,0,0,0,0,0,0,0,0,0,0,0,0,0,0,0,0,0,0,0,0,0,0,0,0,0,0,0,0,0,0,0
1989,237,5,36,5.544000149,2,8,0,-1,1,0,1,1,25,0,0,0,1028,0,0,0,0,0,1,1,0,0,0,13.80187798,0,0,0,0,3,1,1,1,7.5,0,0,0,3,1,1,1,50.5,0,0,0,3,1,1,1,750.5,0,0,0,0,0,0,0,0,0,0,0,0,0,0,0,0,0,0,0,0,0,0,0,0,0,0,0,0,0,0,0,0,0,0,0,0,0,0,0,0,0,0,0
1989,237,5,37,41.54199982,2,8,0,-1,1,0,1,1,25,0,0,0,1028,0,0,0,0,0,1,1,0,0,0,13.99047279,0,0,0,0,3,1,1,1,7.5,0,0,0,3,1,1,1,50.5,0,0,0,3,1,1,1,750.5,0,0,0,0,0,0,0,0,0,0,0,0,0,0,0,0,0,0,0,0,0,0,0,0,0,0,0,0,0,0,0,0,0,0,0,0,0,0,0,0,0,0,0
1989,237,5,39,17.54299927,2,8,0,-1,1,0,1,1,25,0,0,0,1028,0,0,0,0,0,1,1,0,0,0,14.17868137,0,0,0,0,3,1,1,1,7.5,0,0,0,3,1,1,1,50.5,0,0,0,3,1,1,1,750.5,0,0,0,0,0,0,0,0,0,0,0,0,0,0,0,0,0,0,0,0,0,0,0,0,0,0,0,0,0,0,0,0,0,0,0,0,0,0,0,0,0,0,0
1989,237,5,43,17.54299927,2,8,0,-1,1,0,1,1,25,0,0,0,1028,0,0,0,0,0,1,1,0,0,0,14.6475544,0,0,0,0,3,1,1,1,7.5,0,0,0,3,1,1,1,50.5,0,0,0,3,1,1,1,750.5,0,0,0,0,0,0,0,0,0,0,0,0,0,0,0,0,0,0,0,0,0,0,0,0,0,0,0,0,0,0,0,0,0,0,0,0,0,0,0,0,0,0,0
1989,237,5,44,53.54299927,2,8,0,-1,1,0,1,1,25,0,0,0,1028,0,0,0,0,0,1,1,0,0,0,14.83447075,0,0,0,0,3,1,1,1,7.5,0,0,0,3,1,1,1,50.5,0,0,0,3,1,1,1,750.5,0,0,0,0,0,0,0,0,0,0,0,0,0,0,0,0,0,0,0,0,0,0,0,0,0,0,0,0,0,0,0,0,0,0,0,0,0,0,0,0,0,0,0
1989,237,5,46,29.54299927,2,8,0,-1,1,0,1,1,25,0,0,0,1028,0,0,0,0,0,1,1,0,0,0,15.02104092,0,0,0,0,3,1,1,1,7.5,0,0,0,3,1,1,1,50.5,0,0,0,3,1,1,1,750.5,0,0,0,0,0,0,0,0,0,0,0,0,0,0,0,0,0,0,0,0,0,0,0,0,0,0,0,0,0,0,0,0,0,0,0,0,0,0,0,0,0,0,0
1989,237,5,48,5.543000221,2,8,0,-1,1,0,1,1,25,0,0,0,1028,0,0,0,0,0,1,1,0,0,0,15.20727348,0,0,0,0,3,1,1,1,7.5,0,0,0,3,1,1,1,50.5,0,0,0,3,1,1,1,750.5,0,0,0,0,0,0,0,0,0,0,0,0,0,0,0,0,0,0,0,0,0,0,0,0,0,0,0,0,0,0,0,0,0,0,0,0,0,0,0,0,0,0,0
1989,237,5,49,41.54100037,2,8,0,-1,1,0,1,1,25,0,0,0,1028,0,0,0,0,0,1,1,0,0,0,15.39317226,0,0,0,0,3,1,1,1,7.5,0,0,0,3,1,1,1,50.5,0,0,0,3,1,1,1,750.5,0,0,0,0,0,0,0,0,0,0,0,0,0,0,0,0,0,0,0,0,0,0,0,0,0,0,0,0,0,0,0,0,0,0,0,0,0,0,0,0,0,0,0
1989,237,5,51,17.54199982,2,8,0,-1,1,0,1,1,25,0,0,0,1028,0,0,0,0,0,1,1,0,0,0,15.57875347,0,0,0,0,3,1,1,1,7.5,0,0,0,3,1,1,1,50.5,0,0,0,3,1,1,1,750.5,0,0,0,0,0,0,0,0,0,0,0,0,0,0,0,0,0,0,0,0,0,0,0,0,0,0,0,0,0,0,0,0,0,0,0,0,0,0,0,0,0,0,0
1989,237,5,56,53.54100037,2,8,0,-1,1,0,1,1,25,0,0,0,1028,0,0,0,0,0,1,1,0,0,0,16.2258625,0,0,0,0,3,1,1,1,7.5,0,0,0,3,1,1,1,50.5,0,0,0,3,1,1,1,750.5,0,0,0,0,0,0,0,0,0,0,0,0,0,0,0,0,0,0,0,0,0,0,0,0,0,0,0,0,0,0,0,0,0,0,0,0,0,0,0,0,0,0,0
1989,237,6,0,5.541999817,2,8,0,-1,1,0,1,1,25,0,0,0,1028,0,0,0,0,0,1,1,0,0,0,16.59403419,0,0,0,0,3,1,1,1,7.5,0,0,0,3,1,1,1,50.5,0,0,0,3,1,1,1,750.5,0,0,0,0,0,0,0,0,0,0,0,0,0,0,0,0,0,0,0,0,0,0,0,0,0,0,0,0,0,0,0,0,0,0,0,0,0,0,0,0,0,0,0
1989,237,6,1,41.54100037,2,8,0,-1,1,0,1,1,25,0,0,0,1028,0,0,0,0,0,1,1,0,0,0,16.77770233,0,0,0,0,3,1,1,1,7.5,0,0,0,0,0,0,0,0,0,0,0,0,0,0,0,0,0,0,0,0,0,0,0,0,0,0,0,0,0,0,0,0,0,0,0,0,0,0,0,0,0,0,0,0,0,0,0,0,0,0,0,0,0,0,0,0,0,0,0
1989,237,6,3,17.54000092,2,8,0,-1,1,0,1,1,25,0,0,0,1028,0,0,0,0,0,1,1,0,0,0,16.96110344,0,0,0,0,3,1,1,1,7.5,0,0,0,3,1,1,1,50.5,0,0,0,3,1,1,1,750.5,0,0,0,0,0,0,0,0,0,0,0,0,0,0,0,0,0,0,0,0,0,0,0,0,0,0,0,0,0,0,0,0,0,0,0,0,0,0,0,0,0,0,0
1989,237,6,8,53.54000092,2,8,0,-1,1,0,1,1,25,0,0,0,1028,0,0,0,0,0,1,1,0,0,0,17.60097504,0,0,0,0,3,1,1,1,7.5,0,0,0,3,1,1,1,50.5,0,0,0,3,1,1,1,750.5,0,0,0,0,0,0,0,0,0,0,0,0,0,0,0,0,0,0,0,0,0,0,0,0,0,0,0,0,0,0,0,0,0,0,0,0,0,0,0,0,0,0,0
1989,237,6,10,29.54000092,2,8,0,-1,1,0,1,1,25,0,0,0,1028,0,0,0,0,0,1,1,0,0,0,17.78323936,0,0,0,0,3,1,1,1,7.5,0,0,0,3,1,1,1,50.5,0,0,0,3,1,1,1,750.5,0,0,0,0,0,0,0,0,0,0,0,0,0,0,0,0,0,0,0,0,0,0,0,0,0,0,0,0,0,0,0,0,0,0,0,0,0,0,0,0,0,0,0
1989,237,6,12,5.539999962,2,8,0,-1,1,0,1,1,25,0,0,0,1028,0,0,0,0,0,1,1,0,0,0,17.96526337,0,0,0,0,3,1,1,1,7.5,0,0,0,3,1,1,1,50.5,0,0,0,3,1,1,1,750.5,0,0,0,0,0,0,0,0,0,0,0,0,0,0,0,0,0,0,0,0,0,0,0,0,0,0,0,0,0,0,0,0,0,0,0,0,0,0,0,0,0,0,0
1989,237,6,13,41.54000092,2,8,0,-1,1,0,1,1,25,0,0,0,1028,0,0,0,0,0,1,1,0,0,0,18.14705467,0,0,0,0,3,1,1,1,7.5,0,0,0,3,1,1,1,50.5,0,0,0,3,1,1,1,750.5,0,0,0,0,0,0,0,0,0,0,0,0,0,0,0,0,0,0,0,0,0,0,0,0,0,0,0,0,0,0,0,0,0,0,0,0,0,0,0,0,0,0,0
1989,237,6,15,17.53899956,2,8,0,-1,1,0,1,1,25,0,0,0,1028,0,0,0,0,0,1,1,0,0,0,18.328619,0,0,0,0,3,1,1,1,7.5,0,0,0,3,1,1,1,50.5,0,0,0,3,1,1,1,750.5,0,0,0,0,0,0,0,0,0,0,0,0,0,0,0,0,0,0,0,0,0,0,0,0,0,0,0,0,0,0,0,0,0,0,0,0,0,0,0,0,0,0,0
1989,237,6,19,17.53899956,2,8,0,-1,1,0,1,1,25,0,0,0,1028,0,0,0,0,0,1,1,0,0,0,18.7815609,0,0,0,0,3,1,1,1,50.5,0,0,0,3,1,1,1,750.5,0,0,0,0,0,0,0,0,0,0,0,0,0,0,0,0,0,0,0,0,0,0,0,0,0,0,0,0,0,0,0,0,0,0,0,0,0,0,0,0,0,0,0,0,0,0,0,0,0,0,0
1989,237,6,20,53.53900146,2,8,0,-1,1,0,1,1,25,0,0,0,1028,0,0,0,0,0,1,1,0,0,0,18.96236229,0,0,0,0,3,1,1,1,7.5,0,0,0,3,1,1,1,50.5,0,0,0,3,1,1,1,750.5,0,0,0,0,0,0,0,0,0,0,0,0,0,0,0,0,0,0,0,0,0,0,0,0,0,0,0,0,0,0,0,0,0,0,0,0,0,0,0,0,0,0,0
1989,237,6,24,5.539000034,2,8,0,-1,1,0,1,1,25,0,0,0,1028,0,0,0,0,0,1,1,0,0,0,19.32334709,0,0,0,0,3,1,1,1,7.5,0,0,0,3,1,1,1,50.5,0,0,0,3,1,1,1,750.5,0,0,0,0,0,0,0,0,0,0,0,0,0,0,0,0,0,0,0,0,0,0,0,0,0,0,0,0,0,0,0,0,0,0,0,0,0,0,0,0,0,0,0
1989,237,6,25,41.53900146,2,8,0,-1,1,0,1,1,25,0,0,0,1028,0,0,0,0,0,1,1,0,0,0,19.50353622,0,0,0,0,3,1,1,1,7.5,0,0,0,3,1,1,1,50.5,0,0,0,3,1,1,1,750.5,0,0,0,0,0,0,0,0,0,0,0,0,0,0,0,0,0,0,0,0,0,0,0,0,0,0,0,0,0,0,0,0,0,0,0,0,0,0,0,0,0,0,0
1989,237,6,31,17.53899956,2,8,0,-1,1,0,1,1,25,0,0,0,1028,0,0,0,0,0,1,1,0,0,0,20.13268089,0,0,0,0,3,1,1,1,50.5,0,0,0,0,0,0,0,0,0,0,0,0,0,0,0,0,0,0,0,0,0,0,0,0,0,0,0,0,0,0,0,0,0,0,0,0,0,0,0,0,0,0,0,0,0,0,0,0,0,0,0,0,0,0,0,0,0,0,0
1989,237,6,32,53.53900146,2,8,0,-1,1,0,1,1,25,0,0,0,1028,0,0,0,0,0,1,1,0,0,0,20.31201744,0,0,0,0,3,1,1,1,7.5,0,0,0,3,1,1,1,50.5,0,0,0,3,1,1,1,750.5,0,0,0,0,0,0,0,0,0,0,0,0,0,0,0,0,0,0,0,0,0,0,0,0,0,0,0,0,0,0,0,0,0,0,0,0,0,0,0,0,0,0,0
1989,237,6,34,29.53899956,2,8,0,-1,1,0,1,1,25,0,0,0,1028,0,0,0,0,0,1,1,0,0,0,20.49117279,0,0,0,0,3,1,1,1,7.5,0,0,0,3,1,1,1,50.5,0,0,0,3,1,1,1,750.5,0,0,0,0,0,0,0,0,0,0,0,0,0,0,0,0,0,0,0,0,0,0,0,0,0,0,0,0,0,0,0,0,0,0,0,0,0,0,0,0,0,0,0
1989,237,6,36,5.539000034,2,8,0,-1,1,0,1,1,25,0,0,0,1028,0,0,0,0,0,1,1,0,0,0,20.67015457,0,0,0,0,3,1,1,1,7.5,0,0,0,3,1,1,1,50.5,0,0,0,3,1,1,1,750.5,0,0,0,0,0,0,0,0,0,0,0,0,0,0,0,0,0,0,0,0,0,0,0,0,0,0,0,0,0,0,0,0,0,0,0,0,0,0,0,0,0,0,0
1989,237,6,37,41.5379982,2,8,0,-1,1,0,1,1,25,0,0,0,1028,0,0,0,0,0,1,1,0,0,0,20.84895897,0,0,0,0,3,1,1,1,50.5,0,0,0,3,1,1,1,750.5,0,0,0,0,0,0,0,0,0,0,0,0,0,0,0,0,0,0,0,0,0,0,0,0,0,0,0,0,0,0,0,0,0,0,0,0,0,0,0,0,0,0,0,0,0,0,0,0,0,0,0
1989,237,6,39,17.53899956,2,8,0,-1,1,0,1,1,25,0,0,0,1028,0,0,0,0,0,1,1,0,0,0,21.02759743,0,0,0,0,3,1,1,1,7.5,0,0,0,3,1,1,1,50.5,0,0,0,3,1,1,1,750.5,0,0,0,0,0,0,0,0,0,0,0,0,0,0,0,0,0,0,0,0,0,0,0,0,0,0,0,0,0,0,0,0,0,0,0,0,0,0,0,0,0,0,0
1989,237,6,43,17.53800011,2,8,0,-1,1,0,1,1,25,0,0,0,1028,0,0,0,0,0,1,1,0,0,0,21.47346115,0,0,0,0,3,1,1,1,50.5,0,0,0,3,1,1,1,750.5,0,0,0,0,0,0,0,0,0,0,0,0,0,0,0,0,0,0,0,0,0,0,0,0,0,0,0,0,0,0,0,0,0,0,0,0,0,0,0,0,0,0,0,0,0,0,0,0,0,0,0
1989,237,6,44,53.53699875,2,8,0,-1,1,0,1,1,25,0,0,0,1028,0,0,0,0,0,1,1,0,0,0,21.65152359,0,0,0,0,3,1,1,1,7.5,0,0,0,3,1,1,1,50.5,0,0,0,3,1,1,1,750.5,0,0,0,0,0,0,0,0,0,0,0,0,0,0,0,0,0,0,0,0,0,0,0,0,0,0,0,0,0,0,0,0,0,0,0,0,0,0,0,0,0,0,0
1989,237,6,46,29.53700066,2,8,0,-1,1,0,1,1,25,0,0,0,1028,0,0,0,0,0,1,1,0,0,0,21.82942963,0,0,0,0,3,1,1,1,7.5,0,0,0,3,1,1,1,50.5,0,0,0,3,1,1,1,750.5,0,0,0,0,0,0,0,0,0,0,0,0,0,0,0,0,0,0,0,0,0,0,0,0,0,0,0,0,0,0,0,0,0,0,0,0,0,0,0,0,0,0,0
1989,237,6,48,5.538000107,2,8,0,-1,1,0,1,1,25,0,0,0,1028,0,0,0,0,0,1,1,0,0,0,22.00718117,0,0,0,0,3,1,1,1,7.5,0,0,0,3,1,1,1,50.5,0,0,0,3,1,1,1,750.5,0,0,0,0,0,0,0,0,0,0,0,0,0,0,0,0,0,0,0,0,0,0,0,0,0,0,0,0,0,0,0,0,0,0,0,0,0,0,0,0,0,0,0
1989,237,6,49,41.53699875,2,8,0,-1,1,0,1,1,25,0,0,0,1028,0,0,0,0,0,1,1,0,0,0,22.18478012,0,0,0,0,3,1,1,1,7.5,0,0,0,3,1,1,1,50.5,0,0,0,3,1,1,1,750.5,0,0,0,0,0,0,0,0,0,0,0,0,0,0,0,0,0,0,0,0,0,0,0,0,0,0,0,0,0,0,0,0,0,0,0,0,0,0,0,0,0,0,0
1989,237,6,51,17.53800011,2,8,0,-1,1,0,1,1,25,0,0,0,1028,0,0,0,0,0,1,1,0,0,0,22.36223221,0,0,0,0,3,1,1,1,7.5,0,0,0,3,1,1,1,50.5,0,0,0,3,1,1,1,750.5,0,0,0,0,0,0,0,0,0,0,0,0,0,0,0,0,0,0,0,0,0,0,0,0,0,0,0,0,0,0,0,0,0,0,0,0,0,0,0,0,0,0,0
1989,237,6,55,17.53700066,2,8,0,-1,1,0,1,1,25,0,0,0,1028,0,0,0,0,0,1,1,0,0,0,22.80521965,0,0,0,0,3,1,1,1,7.5,0,0,0,3,1,1,1,50.5,0,0,0,3,1,1,1,750.5,0,0,0,0,0,0,0,0,0,0,0,0,0,0,0,0,0,0,0,0,0,0,0,0,0,0,0,0,0,0,0,0,0,0,0,0,0,0,0,0,0,0,0
1989,237,6,56,53.53699875,2,8,0,-1,1,0,1,1,25,0,0,0,1028,0,0,0,0,0,1,1,0,0,0,22.98216629,0,0,0,0,3,1,1,1,7.5,0,0,0,3,1,1,1,50.5,0,0,0,3,1,1,1,750.5,0,0,0,0,0,0,0,0,0,0,0,0,0,0,0,0,0,0,0,0,0,0,0,0,0,0,0,0,0,0,0,0,0,0,0,0,0,0,0,0,0,0,0
1989,237,6,58,29.5359993,2,8,0,-1,1,0,1,1,25,0,0,0,1028,0,0,0,0,0,1,1,0,0,0,23.15897369,0,0,0,0,3,1,1,1,7.5,0,0,0,3,1,1,1,50.5,0,0,0,3,1,1,1,750.5,0,0,0,0,0,0,0,0,0,0,0,0,0,0,0,0,0,0,0,0,0,0,0,0,0,0,0,0,0,0,0,0,0,0,0,0,0,0,0,0,0,0,0
1989,237,7,0,5.537000179,2,8,0,-1,1,0,1,1,25,0,0,0,1028,0,0,0,0,0,1,1,0,0,0,23.33564568,0,0,0,0,3,1,1,1,7.5,0,0,0,3,1,1,1,50.5,0,0,0,3,1,1,1,750.5,0,0,0,0,0,0,0,0,0,0,0,0,0,0,0,0,0,0,0,0,0,0,0,0,0,0,0,0,0,0,0,0,0,0,0,0,0,0,0,0,0,0,0
1989,237,7,1,41.5359993,2,8,0,-1,1,0,1,1,25,0,0,0,1028,0,0,0,0,0,1,1,0,0,0,23.51218224,0,0,0,0,3,1,1,1,7.5,0,0,0,3,1,1,1,50.5,0,0,0,3,1,1,1,750.5,0,0,0,0,0,0,0,0,0,0,0,0,0,0,0,0,0,0,0,0,0,0,0,0,0,0,0,0,0,0,0,0,0,0,0,0,0,0,0,0,0,0,0
1989,237,7,3,17.53700066,2,8,0,-1,1,0,1,1,25,0,0,0,1028,0,0,0,0,0,1,1,0,0,0,23.6885891,0,0,0,0,3,1,1,1,7.5,0,0,0,3,1,1,1,50.5,0,0,0,3,1,1,1,750.5,0,0,0,0,0,0,0,0,0,0,0,0,0,0,0,0,0,0,0,0,0,0,0,0,0,0,0,0,0,0,0,0,0,0,0,0,0,0,0,0,0,0,0
1989,237,7,7,17.5359993,2,8,0,-1,1,0,1,1,25,0,0,0,1028,0,0,0,0,0,1,1,0,0,0,24.12903595,0,0,0,0,3,1,1,1,7.5,0,0,0,3,1,1,1,50.5,0,0,0,3,1,1,1,750.5,0,0,0,0,0,0,0,0,0,0,0,0,0,0,0,0,0,0,0,0,0,0,0,0,0,0,0,0,0,0,0,0,0,0,0,0,0,0,0,0,0,0,0
1989,237,7,8,53.5359993,2,8,0,-1,1,0,1,1,25,0,0,0,1028,0,0,0,0,0,1,1,0,0,0,24.30499458,0,0,0,0,3,1,1,1,7.5,0,0,0,3,1,1,1,50.5,0,0,0,3,1,1,1,750.5,0,0,0,0,0,0,0,0,0,0,0,0,0,0,0,0,0,0,0,0,0,0,0,0,0,0,0,0,0,0,0,0,0,0,0,0,0,0,0,0,0,0,0
1989,237,7,10,29.5359993,2,8,0,-1,1,0,1,1,25,0,0,0,1028,0,0,0,0,0,1,1,0,0,0,24.48083115,0,0,0,0,3,1,1,1,7.5,0,0,0,3,1,1,1,50.5,0,0,0,3,1,1,1,750.5,0,0,0,0,0,0,0,0,0,0,0,0,0,0,0,0,0,0,0,0,0,0,0,0,0,0,0,0,0,0,0,0,0,0,0,0,0,0,0,0,0,0,0
1989,237,7,12,5.535999775,2,8,0,-1,1,0,1,1,25,0,0,0,1028,0,0,0,0,0,1,1,0,0,0,24.65654564,0,0,0,0,3,1,1,1,7.5,0,0,0,3,1,1,1,50.5,0,0,0,3,1,1,1,750.5,0,0,0,0,0,0,0,0,0,0,0,0,0,0,0,0,0,0,0,0,0,0,0,0,0,0,0,0,0,0,0,0,0,0,0,0,0,0,0,0,0,0,0
1989,237,7,13,41.5359993,2,8,0,-1,1,0,1,1,25,0,0,0,1028,0,0,0,0,0,1,1,0,0,0,24.83213997,0,0,0,0,3,1,1,1,50.5,0,0,0,3,1,1,1,750.5,0,0,0,0,0,0,0,0,0,0,0,0,0,0,0,0,0,0,0,0,0,0,0,0,0,0,0,0,0,0,0,0,0,0,0,0,0,0,0,0,0,0,0,0,0,0,0,0,0,0,0
1989,237,7,15,17.5359993,2,8,0,-1,1,0,1,1,25,0,0,0,1028,0,0,0,0,0,1,1,0,0,0,25.00761795,0,0,0,0,3,1,1,1,7.5,0,0,0,3,1,1,1,50.5,0,0,0,3,1,1,1,750.5,0,0,0,0,0,0,0,0,0,0,0,0,0,0,0,0,0,0,0,0,0,0,0,0,0,0,0,0,0,0,0,0,0,0,0,0,0,0,0,0,0,0,0
1989,237,7,19,17.5359993,2,8,0,-1,1,0,1,1,25,0,0,0,1028,0,0,0,0,0,1,1,0,0,0,25.4458065,0,0,0,0,3,1,1,1,7.5,0,0,0,3,1,1,1,50.5,0,0,0,3,1,1,1,750.5,0,0,0,0,0,0,0,0,0,0,0,0,0,0,0,0,0,0,0,0,0,0,0,0,0,0,0,0,0,0,0,0,0,0,0,0,0,0,0,0,0,0,0
1989,237,7,20,53.53499985,2,8,0,-1,1,0,1,1,25,0,0,0,1028,0,0,0,0,0,1,1,0,0,0,25.62088394,0,0,0,0,3,1,1,1,7.5,0,0,0,3,1,1,1,50.5,0,0,0,3,1,1,1,750.5,0,0,0,0,0,0,0,0,0,0,0,0,0,0,0,0,0,0,0,0,0,0,0,0,0,0,0,0,0,0,0,0,0,0,0,0,0,0,0,0,0,0,0
1989,237,7,22,29.53499985,2,8,0,-1,1,0,1,1,25,0,0,0,1028,0,0,0,0,0,1,1,0,0,0,25.79585266,0,0,0,0,3,1,1,1,7.5,0,0,0,3,1,1,1,50.5,0,0,0,3,1,1,1,750.5,0,0,0,0,0,0,0,0,0,0,0,0,0,0,0,0,0,0,0,0,0,0,0,0,0,0,0,0,0,0,0,0,0,0,0,0,0,0,0,0,0,0,0
1989,237,7,24,5.534999847,2,8,0,-1,1,0,1,1,25,0,0,0,1028,0,0,0,0,0,1,1,0,0,0,25.97071266,0,0,0,0,3,1,1,1,7.5,0,0,0,3,1,1,1,50.5,0,0,0,3,1,1,1,750.5,0,0,0,0,0,0,0,0,0,0,0,0,0,0,0,0,0,0,0,0,0,0,0,0,0,0,0,0,0,0,0,0,0,0,0,0,0,0,0,0,0,0,0
1989,237,7,25,41.53499985,2,8,0,-1,1,0,1,1,25,0,0,0,1028,0,0,0,0,0,1,1,0,0,0,26.14546585,0,0,0,0,3,1,1,1,7.5,0,0,0,3,1,1,1,50.5,0,0,0,3,1,1,1,750.5,0,0,0,0,0,0,0,0,0,0,0,0,0,0,0,0,0,0,0,0,0,0,0,0,0,0,0,0,0,0,0,0,0,0,0,0,0,0,0,0,0,0,0
1989,237,7,27,17.53499985,2,8,0,-1,1,0,1,1,25,0,0,0,1028,0,0,0,0,0,1,1,0,0,0,26.32011414,0,0,0,0,3,1,1,1,7.5,0,0,0,3,1,1,1,50.5,0,0,0,3,1,1,1,750.5,0,0,0,0,0,0,0,0,0,0,0,0,0,0,0,0,0,0,0,0,0,0,0,0,0,0,0,0,0,0,0,0,0,0,0,0,0,0,0,0,0,0,0
1989,237,7,31,17.53499985,2,8,0,-1,1,0,1,1,25,0,0,0,1028,0,0,0,0,0,1,1,0,0,0,26.7562809,0,0,0,0,3,1,1,1,50.5,0,0,0,3,1,1,1,750.5,0,0,0,0,0,0,0,0,0,0,0,0,0,0,0,0,0,0,0,0,0,0,0,0,0,0,0,0,0,0,0,0,0,0,0,0,0,0,0,0,0,0,0,0,0,0,0,0,0,0,0
1989,237,7,32,53.53499985,2,8,0,-1,1,0,1,1,25,0,0,0,1028,0,0,0,0,0,1,1,0,0,0,26.9305706,0,0,0,0,3,1,1,1,7.5,0,0,0,3,1,1,1,50.5,0,0,0,3,1,1,1,750.5,0,0,0,0,0,0,0,0,0,0,0,0,0,0,0,0,0,0,0,0,0,0,0,0,0,0,0,0,0,0,0,0,0,0,0,0,0,0,0,0,0,0,0
1989,237,7,34,29.5340004,2,8,0,-1,1,0,1,1,25,0,0,0,1028,0,0,0,0,0,1,1,0,0,0,27.10475922,0,0,0,0,3,1,1,1,7.5,0,0,0,3,1,1,1,50.5,0,0,0,3,1,1,1,750.5,0,0,0,0,0,0,0,0,0,0,0,0,0,0,0,0,0,0,0,0,0,0,0,0,0,0,0,0,0,0,0,0,0,0,0,0,0,0,0,0,0,0,0
1989,237,7,36,5.53399992,2,8,0,-1,1,0,1,1,25,0,0,0,1028,0,0,0,0,0,1,1,0,0,0,27.27885246,0,0,0,0,3,1,1,1,7.5,0,0,0,3,1,1,1,50.5,0,0,0,3,1,1,1,750.5,0,0,0,0,0,0,0,0,0,0,0,0,0,0,0,0,0,0,0,0,0,0,0,0,0,0,0,0,0,0,0,0,0,0,0,0,0,0,0,0,0,0,0
1989,237,7,37,41.5340004,2,8,0,-1,1,0,1,1,25,0,0,0,1028,0,0,0,0,0,1,1,0,0,0,27.45284843,0,0,0,0,3,1,1,1,50.5,0,0,0,3,1,1,1,750.5,0,0,0,0,0,0,0,0,0,0,0,0,0,0,0,0,0,0,0,0,0,0,0,0,0,0,0,0,0,0,0,0,0,0,0,0,0,0,0,0,0,0,0,0,0,0,0,0,0,0,0
1989,237,7,39,17.5340004,2,8,0,-1,1,0,1,1,25,0,0,0,1028,0,0,0,0,0,1,1,0,0,0,27.62674904,0,0,0,0,3,1,1,1,7.5,0,0,0,3,1,1,1,50.5,0,0,0,3,1,1,1,750.5,0,0,0,0,0,0,0,0,0,0,0,0,0,0,0,0,0,0,0,0,0,0,0,0,0,0,0,0,0,0,0,0,0,0,0,0,0,0,0,0,0,0,0
1989,237,7,43,17.5340004,2,8,0,-1,1,0,1,1,25,0,0,0,1028,0,0,0,0,0,1,1,0,0,0,28.06109428,0,0,0,0,3,1,1,1,50.5,0,0,0,3,1,1,1,750.5,0,0,0,0,0,0,0,0,0,0,0,0,0,0,0,0,0,0,0,0,0,0,0,0,0,0,0,0,0,0,0,0,0,0,0,0,0,0,0,0,0,0,0,0,0,0,0,0,0,0,0
1989,237,7,44,53.5340004,2,8,0,-1,1,0,1,1,25,0,0,0,1028,0,0,0,0,0,1,1,0,0,0,28.23467255,0,0,0,0,3,1,1,1,7.5,0,0,0,3,1,1,1,50.5,0,0,0,3,1,1,1,750.5,0,0,0,0,0,0,0,0,0,0,0,0,0,0,0,0,0,0,0,0,0,0,0,0,0,0,0,0,0,0,0,0,0,0,0,0,0,0,0,0,0,0,0
1989,237,7,46,29.53199959,2,8,0,-1,1,0,1,1,25,0,0,0,1028,0,0,0,0,0,1,1,0,0,0,28.40815735,0,0,0,0,3,1,1,1,7.5,0,0,0,3,1,1,1,50.5,0,0,0,3,1,1,1,750.5,0,0,0,0,0,0,0,0,0,0,0,0,0,0,0,0,0,0,0,0,0,0,0,0,0,0,0,0,0,0,0,0,0,0,0,0,0,0,0,0,0,0,0
1989,237,7,48,5.532999992,2,8,0,-1,1,0,1,1,25,0,0,0,1028,0,0,0,0,0,1,1,0,0,0,28.58155823,0,0,0,0,3,1,1,1,7.5,0,0,0,3,1,1,1,50.5,0,0,0,3,1,1,1,750.5,0,0,0,0,0,0,0,0,0,0,0,0,0,0,0,0,0,0,0,0,0,0,0,0,0,0,0,0,0,0,0,0,0,0,0,0,0,0,0,0,0,0,0
1989,237,7,49,41.53300095,2,8,0,-1,1,0,1,1,25,0,0,0,1028,0,0,0,0,0,1,1,0,0,0,28.75487137,0,0,0,0,3,1,1,1,50.5,0,0,0,3,1,1,1,750.5,0,0,0,0,0,0,0,0,0,0,0,0,0,0,0,0,0,0,0,0,0,0,0,0,0,0,0,0,0,0,0,0,0,0,0,0,0,0,0,0,0,0,0,0,0,0,0,0,0,0,0
1989,237,7,51,17.53199959,2,8,0,-1,1,0,1,1,25,0,0,0,1028,0,0,0,0,0,1,1,0,0,0,28.92809486,0,0,0,0,3,1,1,1,7.5,0,0,0,3,1,1,1,50.5,0,0,0,3,1,1,1,750.5,0,0,0,0,0,0,0,0,0,0,0,0,0,0,0,0,0,0,0,0,0,0,0,0,0,0,0,0,0,0,0,0,0,0,0,0,0,0,0,0,0,0,0
1989,237,7,55,17.53199959,2,8,0,-1,1,0,1,1,25,0,0,0,1028,0,0,0,0,0,1,1,0,0,0,29.36079025,0,0,0,0,3,1,1,1,7.5,0,0,0,3,1,1,1,50.5,0,0,0,3,1,1,1,750.5,0,0,0,0,0,0,0,0,0,0,0,0,0,0,0,0,0,0,0,0,0,0,0,0,0,0,0,0,0,0,0,0,0,0,0,0,0,0,0,0,0,0,0
1989,237,7,56,53.53300095,2,8,0,-1,1,0,1,1,25,0,0,0,1028,0,0,0,0,0,1,1,0,0,0,29.53372383,0,0,0,0,3,1,1,1,7.5,0,0,0,3,1,1,1,50.5,0,0,0,3,1,1,1,750.5,0,0,0,0,0,0,0,0,0,0,0,0,0,0,0,0,0,0,0,0,0,0,0,0,0,0,0,0,0,0,0,0,0,0,0,0,0,0,0,0,0,0,0
1989,237,7,58,29.53199959,2,8,0,-1,1,0,1,1,25,0,0,0,1028,0,0,0,0,0,1,1,0,0,0,29.70657349,0,0,0,0,3,1,1,1,50.5,0,0,0,3,1,1,1,750.5,0,0,0,0,0,0,0,0,0,0,0,0,0,0,0,0,0,0,0,0,0,0,0,0,0,0,0,0,0,0,0,0,0,0,0,0,0,0,0,0,0,0,0,0,0,0,0,0,0,0,0
1989,237,8,0,5.532000065,2,8,0,-1,1,0,1,1,25,0,0,0,1028,0,0,0,0,0,1,1,0,0,0,29.87934303,0,0,0,0,3,1,1,1,50.5,0,0,0,3,1,1,1,750.5,0,0,0,0,0,0,0,0,0,0,0,0,0,0,0,0,0,0,0,0,0,0,0,0,0,0,0,0,0,0,0,0,0,0,0,0,0,0,0,0,0,0,0,0,0,0,0,0,0,0,0
1989,237,8,1,41.5320015,2,8,0,-1,1,0,1,1,25,0,0,0,1028,0,0,0,0,0,1,1,0,0,0,30.05203438,0,0,0,0,3,1,1,1,7.5,0,0,0,3,1,1,1,50.5,0,0,0,3,1,1,1,750.5,0,0,0,0,0,0,0,0,0,0,0,0,0,0,0,0,0,0,0,0,0,0,0,0,0,0,0,0,0,0,0,0,0,0,0,0,0,0,0,0,0,0,0
1989,237,8,3,17.53199959,2,8,0,-1,1,0,1,1,25,0,0,0,1028,0,0,0,0,0,1,1,0,0,0,30.22464561,0,0,0,0,3,1,1,1,7.5,0,0,0,3,1,1,1,50.5,0,0,0,3,1,1,1,750.5,0,0,0,0,0,0,0,0,0,0,0,0,0,0,0,0,0,0,0,0,0,0,0,0,0,0,0,0,0,0,0,0,0,0,0,0,0,0,0,0,0,0,0
1989,237,8,7,17.53199959,2,8,0,-1,1,0,1,1,25,0,0,0,1028,0,0,0,0,0,1,1,0,0,0,30.65583992,0,0,0,0,3,1,1,1,50.5,0,0,0,3,1,1,1,750.5,0,0,0,0,0,0,0,0,0,0,0,0,0,0,0,0,0,0,0,0,0,0,0,0,0,0,0,0,0,0,0,0,0,0,0,0,0,0,0,0,0,0,0,0,0,0,0,0,0,0,0
1989,237,8,8,53.5320015,2,8,0,-1,1,0,1,1,25,0,0,0,1028,0,0,0,0,0,1,1,0,0,0,30.82818413,0,0,0,0,3,1,1,1,7.5,0,0,0,3,1,1,1,50.5,0,0,0,3,1,1,1,750.5,0,0,0,0,0,0,0,0,0,0,0,0,0,0,0,0,0,0,0,0,0,0,0,0,0,0,0,0,0,0,0,0,0,0,0,0,0,0,0,0,0,0,0
1989,237,8,10,29.53199959,2,8,0,-1,1,0,1,1,25,0,0,0,1028,0,0,0,0,0,1,1,0,0,0,31.00045395,0,0,0,0,3,1,1,1,7.5,0,0,0,3,1,1,1,50.5,0,0,0,3,1,1,1,750.5,0,0,0,0,0,0,0,0,0,0,0,0,0,0,0,0,0,0,0,0,0,0,0,0,0,0,0,0,0,0,0,0,0,0,0,0,0,0,0,0,0,0,0
1989,237,8,12,5.531000137,2,8,0,-1,1,0,1,1,25,0,0,0,1028,0,0,0,0,0,1,1,0,0,0,31.17265129,0,0,0,0,3,1,1,1,7.5,0,0,0,3,1,1,1,50.5,0,0,0,3,1,1,1,750.5,0,0,0,0,0,0,0,0,0,0,0,0,0,0,0,0,0,0,0,0,0,0,0,0,0,0,0,0,0,0,0,0,0,0,0,0,0,0,0,0,0,0,0
1989,237,8,13,41.53099823,2,8,0,-1,1,0,1,1,25,0,0,0,1028,0,0,0,0,0,1,1,0,0,0,31.34477425,0,0,0,0,3,1,1,1,7.5,0,0,0,3,1,1,1,50.5,0,0,0,3,1,1,1,750.5,0,0,0,0,0,0,0,0,0,0,0,0,0,0,0,0,0,0,0,0,0,0,0,0,0,0,0,0,0,0,0,0,0,0,0,0,0,0,0,0,0,0,0
1989,237,8,15,17.53100014,2,8,0,-1,1,0,1,1,25,0,0,0,1028,0,0,0,0,0,1,1,0,0,0,31.51682472,0,0,0,0,3,1,1,1,7.5,0,0,0,3,1,1,1,50.5,0,0,0,3,1,1,1,750.5,0,0,0,0,0,0,0,0,0,0,0,0,0,0,0,0,0,0,0,0,0,0,0,0,0,0,0,0,0,0,0,0,0,0,0,0,0,0,0,0,0,0,0
1989,237,8,19,17.53100014,2,8,0,-1,1,0,1,1,25,0,0,0,1028,0,0,0,0,0,1,1,0,0,0,31.94664764,0,0,0,0,3,1,1,1,50.5,0,0,0,3,1,1,1,750.5,0,0,0,0,0,0,0,0,0,0,0,0,0,0,0,0,0,0,0,0,0,0,0,0,0,0,0,0,0,0,0,0,0,0,0,0,0,0,0,0,0,0,0,0,0,0,0,0,0,0,0
1989,237,8,20,53.53099823,2,8,0,-1,1,0,1,1,25,0,0,0,1028,0,0,0,0,0,1,1,0,0,0,32.11845398,0,0,0,0,3,1,1,1,50.5,0,0,0,3,1,1,1,750.5,0,0,0,0,0,0,0,0,0,0,0,0,0,0,0,0,0,0,0,0,0,0,0,0,0,0,0,0,0,0,0,0,0,0,0,0,0,0,0,0,0,0,0,0,0,0,0,0,0,0,0
1989,237,8,22,29.53100014,2,8,0,-1,1,0,1,1,25,0,0,0,1028,0,0,0,0,0,1,1,0,0,0,32.29019165,0,0,0,0,3,1,1,1,50.5,0,0,0,3,1,1,1,750.5,0,0,0,0,0,0,0,0,0,0,0,0,0,0,0,0,0,0,0,0,0,0,0,0,0,0,0,0,0,0,0,0,0,0,0,0,0,0,0,0,0,0,0,0,0,0,0,0,0,0,0
1989,237,8,24,5.531000137,2,8,0,-1,1,0,1,1,25,0,0,0,1028,0,0,0,0,0,1,1,0,0,0,32.46186447,0,0,0,0,3,1,1,1,50.5,0,0,0,3,1,1,1,750.5,0,0,0,0,0,0,0,0,0,0,0,0,0,0,0,0,0,0,0,0,0,0,0,0,0,0,0,0,0,0,0,0,0,0,0,0,0,0,0,0,0,0,0,0,0,0,0,0,0,0,0
1989,237,8,25,41.52999878,2,8,0,-1,1,0,1,1,25,0,0,0,1028,0,0,0,0,0,1,1,0,0,0,32.63346481,0,0,0,0,3,1,1,1,50.5,0,0,0,3,1,1,1,750.5,0,0,0,0,0,0,0,0,0,0,0,0,0,0,0,0,0,0,0,0,0,0,0,0,0,0,0,0,0,0,0,0,0,0,0,0,0,0,0,0,0,0,0,0,0,0,0,0,0,0,0
1989,237,8,27,17.53000069,2,8,0,-1,1,0,1,1,25,0,0,0,1028,0,0,0,0,0,1,1,0,0,0,32.80500412,0,0,0,0,3,1,1,1,50.5,0,0,0,3,1,1,1,750.5,0,0,0,0,0,0,0,0,0,0,0,0,0,0,0,0,0,0,0,0,0,0,0,0,0,0,0,0,0,0,0,0,0,0,0,0,0,0,0,0,0,0,0,0,0,0,0,0,0,0,0
1989,237,8,31,17.53000069,2,8,0,-1,1,0,1,1,25,0,0,0,1028,0,0,0,0,0,1,1,0,0,0,33.23356628,0,0,0,0,3,1,1,1,50.5,0,0,0,3,1,1,1,750.5,0,0,0,0,0,0,0,0,0,0,0,0,0,0,0,0,0,0,0,0,0,0,0,0,0,0,0,0,0,0,0,0,0,0,0,0,0,0,0,0,0,0,0,0,0,0,0,0,0,0,0
1989,237,8,32,53.52899933,2,8,0,-1,1,0,1,1,25,0,0,0,1028,0,0,0,0,0,1,1,0,0,0,33.40488052,0,0,0,0,3,1,1,1,50.5,0,0,0,3,1,1,1,750.5,0,0,0,0,0,0,0,0,0,0,0,0,0,0,0,0,0,0,0,0,0,0,0,0,0,0,0,0,0,0,0,0,0,0,0,0,0,0,0,0,0,0,0,0,0,0,0,0,0,0,0
1989,237,8,34,29.53000069,2,8,0,-1,1,0,1,1,25,0,0,0,1028,0,0,0,0,0,1,1,0,0,0,33.57612991,0,0,0,0,3,1,1,1,50.5,0,0,0,3,1,1,1,750.5,0,0,0,0,0,0,0,0,0,0,0,0,0,0,0,0,0,0,0,0,0,0,0,0,0,0,0,0,0,0,0,0,0,0,0,0,0,0,0,0,0,0,0,0,0,0,0,0,0,0,0
1989,237,8,43,17.52899933,2,8,0,-1,1,0,1,1,25,0,0,0,1028,0,0,0,0,0,1,1,0,0,0,34.51691437,0,0,0,0,3,1,1,1,50.5,0,0,0,3,1,1,1,750.5,0,0,0,0,0,0,0,0,0,0,0,0,0,0,0,0,0,0,0,0,0,0,0,0,0,0,0,0,0,0,0,0,0,0,0,0,0,0,0,0,0,0,0,0,0,0,0,0,0,0,0
1989,237,8,44,53.52899933,2,8,0,-1,1,0,1,1,25,0,0,0,1028,0,0,0,0,0,1,1,0,0,0,34.68777084,0,0,0,0,3,1,1,1,50.5,0,0,0,3,1,1,1,750.5,0,0,0,0,0,0,0,0,0,0,0,0,0,0,0,0,0,0,0,0,0,0,0,0,0,0,0,0,0,0,0,0,0,0,0,0,0,0,0,0,0,0,0,0,0,0,0,0,0,0,0
1989,237,8,46,29.52899933,2,8,0,-1,1,0,1,1,25,0,0,0,1028,0,0,0,0,0,1,1,0,0,0,34.8585701,0,0,0,0,3,1,1,1,50.5,0,0,0,3,1,1,1,750.5,0,0,0,0,0,0,0,0,0,0,0,0,0,0,0,0,0,0,0,0,0,0,0,0,0,0,0,0,0,0,0,0,0,0,0,0,0,0,0,0,0,0,0,0,0,0,0,0,0,0,0
1989,237,8,48,5.528999805,2,8,0,-1,1,0,1,1,25,0,0,0,1028,0,0,0,0,0,1,1,0,0,0,35.02931213,0,0,0,0,3,1,1,1,50.5,0,0,0,3,1,1,1,750.5,0,0,0,0,0,0,0,0,0,0,0,0,0,0,0,0,0,0,0,0,0,0,0,0,0,0,0,0,0,0,0,0,0,0,0,0,0,0,0,0,0,0,0,0,0,0,0,0,0,0,0
1989,237,8,49,41.52799988,2,8,0,-1,1,0,1,1,25,0,0,0,1028,0,0,0,0,0,1,1,0,0,0,35.19999695,0,0,0,0,3,1,1,1,50.5,0,0,0,3,1,1,1,750.5,0,0,0,0,0,0,0,0,0,0,0,0,0,0,0,0,0,0,0,0,0,0,0,0,0,0,0,0,0,0,0,0,0,0,0,0,0,0,0,0,0,0,0,0,0,0,0,0,0,0,0
1989,237,8,51,17.52799988,2,8,0,-1,1,0,1,1,25,0,0,0,1028,0,0,0,0,0,1,1,0,0,0,35.37062454,0,0,0,0,3,1,1,1,50.5,0,0,0,3,1,1,1,750.5,0,0,0,0,0,0,0,0,0,0,0,0,0,0,0,0,0,0,0,0,0,0,0,0,0,0,0,0,0,0,0,0,0,0,0,0,0,0,0,0,0,0,0,0,0,0,0,0,0,0,0
1989,237,8,55,17.52700043,2,8,0,-1,1,0,1,1,25,0,0,0,1028,0,0,0,0,0,1,1,0,0,0,35.79695511,0,0,0,0,3,1,1,1,50.5,0,0,0,3,1,1,1,750.5,0,0,0,0,0,0,0,0,0,0,0,0,0,0,0,0,0,0,0,0,0,0,0,0,0,0,0,0,0,0,0,0,0,0,0,0,0,0,0,0,0,0,0,0,0,0,0,0,0,0,0
1989,237,8,56,53.52700043,2,8,0,-1,1,0,1,1,25,0,0,0,1028,0,0,0,0,0,1,1,0,0,0,35.96739197,0,0,0,0,3,1,1,1,50.5,0,0,0,3,1,1,1,750.5,0,0,0,0,0,0,0,0,0,0,0,0,0,0,0,0,0,0,0,0,0,0,0,0,0,0,0,0,0,0,0,0,0,0,0,0,0,0,0,0,0,0,0,0,0,0,0,0,0,0,0
1989,237,8,58,29.52799988,2,8,0,-1,1,0,1,1,25,0,0,0,1028,0,0,0,0,0,1,1,0,0,0,36.13777161,0,0,0,0,3,1,1,1,50.5,0,0,0,3,1,1,1,750.5,0,0,0,0,0,0,0,0,0,0,0,0,0,0,0,0,0,0,0,0,0,0,0,0,0,0,0,0,0,0,0,0,0,0,0,0,0,0,0,0,0,0,0,0,0,0,0,0,0,0,0
1989,237,9,0,5.527999878,2,8,0,-1,1,0,1,1,25,0,0,0,1028,0,0,0,0,0,1,1,0,0,0,36.30810165,0,0,0,0,3,1,1,1,50.5,0,0,0,3,1,1,1,750.5,0,0,0,0,0,0,0,0,0,0,0,0,0,0,0,0,0,0,0,0,0,0,0,0,0,0,0,0,0,0,0,0,0,0,0,0,0,0,0,0,0,0,0,0,0,0,0,0,0,0,0
1989,237,9,1,41.52700043,2,8,0,-1,1,0,1,1,25,0,0,0,1028,0,0,0,0,0,1,1,0,0,0,36.47837448,0,0,0,0,3,1,1,1,50.5,0,0,0,3,1,1,1,750.5,0,0,0,0,0,0,0,0,0,0,0,0,0,0,0,0,0,0,0,0,0,0,0,0,0,0,0,0,0,0,0,0,0,0,0,0,0,0,0,0,0,0,0,0,0,0,0,0,0,0,0
1989,237,9,3,17.52799988,2,8,0,-1,1,0,1,1,25,0,0,0,1028,0,0,0,0,0,1,1,0,0,0,36.64859772,0,0,0,0,3,1,1,1,50.5,0,0,0,3,1,1,1,750.5,0,0,0,0,0,0,0,0,0,0,0,0,0,0,0,0,0,0,0,0,0,0,0,0,0,0,0,0,0,0,0,0,0,0,0,0,0,0,0,0,0,0,0,0,0,0,0,0,0,0,0
1989,237,9,7,17.52599907,2,8,0,-1,1,0,1,1,25,0,0,0,1028,0,0,0,0,0,1,1,0,0,0,37.07392883,0,0,0,0,3,1,1,1,50.5,0,0,0,3,1,1,1,750.5,0,0,0,0,0,0,0,0,0,0,0,0,0,0,0,0,0,0,0,0,0,0,0,0,0,0,0,0,0,0,0,0,0,0,0,0,0,0,0,0,0,0,0,0,0,0,0,0,0,0,0
1989,237,9,8,53.52600098,2,8,0,-1,1,0,1,1,25,0,0,0,1028,0,0,0,0,0,1,1,0,0,0,37.24397278,0,0,0,0,3,1,1,1,50.5,0,0,0,3,1,1,1,750.5,0,0,0,0,0,0,0,0,0,0,0,0,0,0,0,0,0,0,0,0,0,0,0,0,0,0,0,0,0,0,0,0,0,0,0,0,0,0,0,0,0,0,0,0,0,0,0,0,0,0,0
1989,237,9,10,29.52599907,2,8,0,-1,1,0,1,1,25,0,0,0,1028,0,0,0,0,0,1,1,0,0,0,37.41396332,0,0,0,0,3,1,1,1,50.5,0,0,0,3,1,1,1,750.5,0,0,0,0,0,0,0,0,0,0,0,0,0,0,0,0,0,0,0,0,0,0,0,0,0,0,0,0,0,0,0,0,0,0,0,0,0,0,0,0,0,0,0,0,0,0,0,0,0,0,0
1989,237,9,12,5.52699995,2,8,0,-1,1,0,1,1,25,0,0,0,1028,0,0,0,0,0,1,1,0,0,0,37.58390808,0,0,0,0,3,1,1,1,50.5,0,0,0,3,1,1,1,750.5,0,0,0,0,0,0,0,0,0,0,0,0,0,0,0,0,0,0,0,0,0,0,0,0,0,0,0,0,0,0,0,0,0,0,0,0,0,0,0,0,0,0,0,0,0,0,0,0,0,0,0
1989,237,9,13,41.52600098,2,8,0,-1,1,0,1,1,25,0,0,0,1028,0,0,0,0,0,1,1,0,0,0,37.75379944,0,0,0,0,3,1,1,1,50.5,0,0,0,3,1,1,1,750.5,0,0,0,0,0,0,0,0,0,0,0,0,0,0,0,0,0,0,0,0,0,0,0,0,0,0,0,0,0,0,0,0,0,0,0,0,0,0,0,0,0,0,0,0,0,0,0,0,0,0,0
1989,237,9,15,17.52599907,2,8,0,-1,1,0,1,1,25,0,0,0,1028,0,0,0,0,0,1,1,0,0,0,37.9236412,0,0,0,0,3,1,1,1,50.5,0,0,0,3,1,1,1,750.5,0,0,0,0,0,0,0,0,0,0,0,0,0,0,0,0,0,0,0,0,0,0,0,0,0,0,0,0,0,0,0,0,0,0,0,0,0,0,0,0,0,0,0,0,0,0,0,0,0,0,0
1989,237,9,20,53.52500153,2,8,0,-1,1,0,1,1,25,0,0,0,1028,0,0,0,0,0,1,1,0,0,0,38.51771164,0,0,0,0,3,1,1,1,50.5,0,0,0,0,0,0,0,0,0,0,0,0,0,0,0,0,0,0,0,0,0,0,0,0,0,0,0,0,0,0,0,0,0,0,0,0,0,0,0,0,0,0,0,0,0,0,0,0,0,0,0,0,0,0,0,0,0,0,0
1989,237,9,22,29.52499962,2,8,0,-1,1,0,1,1,25,0,0,0,1028,0,0,0,0,0,1,1,0,0,0,38.68733978,0,0,0,0,3,1,1,1,50.5,0,0,0,0,0,0,0,0,0,0,0,0,0,0,0,0,0,0,0,0,0,0,0,0,0,0,0,0,0,0,0,0,0,0,0,0,0,0,0,0,0,0,0,0,0,0,0,0,0,0,0,0,0,0,0,0,0,0,0
1989,237,9,25,41.52500153,2,8,0,-1,1,0,1,1,25,0,0,0,1028,0,0,0,0,0,1,1,0,0,0,39.02645493,0,0,0,0,3,1,1,1,50.5,0,0,0,0,0,0,0,0,0,0,0,0,0,0,0,0,0,0,0,0,0,0,0,0,0,0,0,0,0,0,0,0,0,0,0,0,0,0,0,0,0,0,0,0,0,0,0,0,0,0,0,0,0,0,0,0,0,0,0